0 0.19609375 0.31953125 0.0359375 0.1015625
0 0.05390625 0.31015625 0.0546875 0.1140625
0 0.1734375 0.32265625 0.03125 0.084375
0 0.471875 0.3578125 0.0234375 0.053125
0 0.4953125 0.36015625 0.025 0.065625
0 0.4296875 0.35390625 0.040625 0.0859375
0 0.52109375 0.3703125 0.0203125 0.0578125
0 0.5375 0.375 0.021875 0.0546875
0 0.9640625 0.4296875 0.071875 0.2375
0 0.96953125 0.44453125 0.0609375 0.4609375
0 0.88828125 0.43984375 0.11875 0.26875
0 0.32109375 0.46875 0.228125 0.715625
0 0.62734375 0.4921875 0.2578125 0.7109375