0 0.73828125 0.434375 0.0375 0.0953125
0 0.99375 0.4734375 0.0125 0.08125
0 0.86796875 0.45546875 0.05625 0.10625
0 0.75703125 0.44296875 0.0328125 0.078125
0 0.48125 0.4109375 0.0234375 0.0484375
0 0.4609375 0.4078125 0.025 0.0609375
0 0.52109375 0.41796875 0.0421875 0.0796875
0 0.43515625 0.41328125 0.021875 0.053125
0 0.41953125 0.41328125 0.021875 0.05
0 0.03203125 0.3734375 0.0640625 0.21875
0 0.09140625 0.3984375 0.121875 0.25
0 0.59921875 0.5140625 0.2515625 0.7203125
0 0.31640625 0.48203125 0.275 0.6984375