0 0.2578125 0.409375 0.0234375 0.0859375
0 0.0078125 0.4125 0.0140625 0.075
0 0.1359375 0.4125 0.0390625 0.0953125
0 0.240625 0.4140625 0.0203125 0.071875
0 0.5 0.421875 0.015625 0.04375
0 0.51875 0.421875 0.0171875 0.05625
0 0.4625 0.4234375 0.028125 0.071875
0 0.5421875 0.4296875 0.0140625 0.0484375
0 0.5578125 0.43125 0.0140625 0.0453125
0 0.93125 0.446875 0.0484375 0.2015625
0 0.96328125 0.45703125 0.0734375 0.3984375
0 0.8640625 0.4609375 0.0828125 0.225
0 0.378125 0.5015625 0.14375 0.6625
0 0.64375 0.5078125 0.171875 0.6375