0 0.8828125 0.4515625 0.05 0.0875
0 0.9609375 0.4484375 0.0625 0.128125
0 0.98828125 0.44453125 0.0234375 0.1140625
0 0.21953125 0.5484375 0.059375 0.1484375
0 0.06796875 0.571875 0.08125 0.1875
0 0.01953125 0.57890625 0.0390625 0.1796875
0 0.7609375 0.50390625 0.084375 0.2640625
0 0.50546875 0.540625 0.0875 0.20625
0 0.4484375 0.54765625 0.06875 0.1828125
0 0.37734375 0.55703125 0.0578125 0.1828125
0 0.41640625 0.5546875 0.0796875 0.215625
0 0.65 0.553125 0.2734375 0.5453125
0 0.15546875 0.61484375 0.1984375 0.4203125
0 0.81171875 0.54921875 0.0828125 0.209375
0 0.3046875 0.61171875 0.15625 0.396875