0 0.88046875 0.44375 0.0625 0.096875
0 0.9625 0.43203125 0.075 0.1421875
0 0.16484375 0.6109375 0.0765625 0.165625
0 0.02734375 0.646875 0.053125 0.1984375
0 0.75234375 0.51171875 0.115625 0.290625
0 0.4765625 0.5765625 0.1140625 0.2296875
0 0.415625 0.58984375 0.090625 0.2015625
0 0.33828125 0.6078125 0.08125 0.2015625
0 0.38125 0.60078125 0.10625 0.2390625
0 0.63203125 0.55078125 0.3359375 0.5546875
0 0.11484375 0.68828125 0.2296875 0.4671875
0 0.81171875 0.55546875 0.109375 0.2328125
0 0.2640625 0.671875 0.2046875 0.4375