0 0.8609375 0.503125 0.040625 0.0796875
0 0.9375 0.5078125 0.0484375 0.11875
0 0.97890625 0.50703125 0.0421875 0.1078125
0 0.215625 0.528125 0.0421875 0.140625
0 0.06875 0.5359375 0.059375 0.175
0 0.0171875 0.5375 0.0328125 0.171875
0 0.7390625 0.540625 0.0546875 0.25
0 0.490625 0.55 0.065625 0.19375
0 0.4359375 0.5515625 0.0484375 0.171875
0 0.365625 0.553125 0.0390625 0.1734375
0 0.4046875 0.55625 0.0546875 0.203125
0 0.6296875 0.5796875 0.2109375 0.5078125
0 0.1484375 0.5859375 0.15 0.3921875
0 0.7828125 0.5890625 0.059375 0.196875
0 0.290625 0.5984375 0.1109375 0.3734375