0 0.840625 0.4078125 0.1109375 0.23125
0 0.97890625 0.44765625 0.0421875 0.2328125
0 0.771875 0.415625 0.109375 0.2125
0 0.5671875 0.39453125 0.1328125 0.2828125
0 0.74296875 0.49921875 0.1046875 0.2390625
0 0.509375 0.45390625 0.1203125 0.2140625
0 0.8671875 0.53984375 0.1421875 0.2796875
0 0.9421875 0.559375 0.115625 0.275
0 0.69921875 0.51015625 0.1015625 0.2453125
0 0.60078125 0.49296875 0.11875 0.2734375
0 0.1 0.40546875 0.1453125 0.25625
0 0.36953125 0.4671875 0.09375 0.2046875
0 0.4328125 0.5015625 0.1375 0.2734375
0 0.29765625 0.51171875 0.1984375 0.2984375
0 0.1640625 0.52421875 0.1828125 0.3203125
0 0.078125 0.515625 0.0890625 0.2484375
0 0.64453125 0.64765625 0.1703125 0.2953125
0 0.77890625 0.67578125 0.1984375 0.325
0 0.05078125 0.521875 0.1015625 0.3
0 0.2703125 0.57421875 0.1640625 0.2984375
0 0.02578125 0.5171875 0.0515625 0.31875
0 0.1578125 0.57109375 0.1296875 0.2703125
0 0.44453125 0.64140625 0.15625 0.315625
0 0.34453125 0.6375 0.15 0.28125