0 0.840625 0.37734375 0.0953125 0.225
0 0.98359375 0.40625 0.0328125 0.23125
0 0.77421875 0.38984375 0.096875 0.209375
0 0.56875 0.38203125 0.1140625 0.278125
0 0.75 0.4734375 0.0875 0.2359375
0 0.5171875 0.4453125 0.10625 0.209375
0 0.8765625 0.50546875 0.1234375 0.275
0 0.95078125 0.51796875 0.0984375 0.2703125
0 0.7078125 0.48984375 0.0859375 0.2421875
0 0.60859375 0.47734375 0.1015625 0.26875
0 0.1078125 0.42578125 0.1296875 0.25
0 0.3796875 0.46875 0.08125 0.2015625
0 0.44375 0.4984375 0.11875 0.26875
0 0.31015625 0.5171875 0.178125 0.2890625
0 0.18046875 0.5390625 0.1640625 0.3125
0 0.09375 0.5375 0.071875 0.246875
0 0.66328125 0.62734375 0.1515625 0.2890625
0 0.79609375 0.64765625 0.178125 0.315625
0 0.0546875 0.54453125 0.109375 0.2953125
0 0.28828125 0.58046875 0.1453125 0.29375
0 0.028125 0.5421875 0.05625 0.31875
0 0.1765625 0.5875 0.1109375 0.2640625
0 0.46328125 0.63515625 0.134375 0.309375
0 0.365625 0.6390625 0.1328125 0.2765625