0 0.8078125 0.3359375 0.0625 0.2078125
0 0.97265625 0.34140625 0.0546875 0.2171875
0 0.746875 0.35625 0.0640625 0.1921875
0 0.553125 0.3765625 0.0734375 0.25625
0 0.7359375 0.4390625 0.0546875 0.21875
0 0.5125 0.4421875 0.075 0.1890625
0 0.8578125 0.4515625 0.0828125 0.2515625
0 0.9421875 0.453125 0.0796875 0.2484375
0 0.6984375 0.4578125 0.05 0.225
0 0.6046875 0.4609375 0.0625 0.25
0 0.125 0.478125 0.0921875 0.2265625
0 0.3859375 0.4828125 0.0515625 0.1859375
0 0.45 0.5015625 0.0796875 0.2453125
0 0.328125 0.5375 0.1359375 0.2578125
0 0.2078125 0.575 0.1171875 0.2828125
0 0.1265625 0.584375 0.0375 0.23125
0 0.675 0.59375 0.1078125 0.2625
0 0.803125 0.5953125 0.13125 0.2859375
0 0.0875 0.5984375 0.075 0.2734375
0 0.315625 0.6 0.1015625 0.2671875
0 0.0359375 0.6 0.071875 0.3
0 0.2109375 0.6203125 0.0734375 0.24375
0 0.4890625 0.628125 0.0890625 0.2859375
0 0.3953125 0.6453125 0.0921875 0.2515625