0 0.8109375 0.453125 0.01875 0.028125
0 0.9296875 0.46328125 0.0234375 0.0625
0 0.70625 0.51015625 0.0671875 0.24375
0 0.4875 0.50390625 0.05 0.253125
0 0.53046875 0.51171875 0.075 0.275
0 0.27265625 0.509375 0.065625 0.253125
0 0.55390625 0.5234375 0.0953125 0.328125
0 0.10078125 0.5171875 0.075 0.275
0 0.24453125 0.52421875 0.090625 0.253125
0 0.6484375 0.53984375 0.14375 0.3734375
0 0.16953125 0.52421875 0.090625 0.26875
0 0.33359375 0.53046875 0.0984375 0.259375
0 0.4421875 0.53984375 0.11875 0.3046875
0 0.0359375 0.52890625 0.071875 0.3234375