0 0.7953125 0.4453125 0.015625 0.028125
0 0.9125 0.45 0.021875 0.0609375
0 0.6953125 0.5046875 0.0578125 0.2359375
0 0.4828125 0.5046875 0.040625 0.2453125
0 0.525 0.5125 0.0640625 0.265625
0 0.275 0.5171875 0.0546875 0.2453125
0 0.5484375 0.521875 0.0828125 0.315625
0 0.10625 0.53125 0.0640625 0.265625
0 0.246875 0.5328125 0.078125 0.24375
0 0.640625 0.534375 0.128125 0.359375
0 0.175 0.5359375 0.078125 0.259375
0 0.334375 0.5359375 0.0859375 0.2484375
0 0.440625 0.5421875 0.1046875 0.29375
0 0.0375 0.5453125 0.075 0.3125