0 0.1140625 0.46015625 0.0203125 0.0328125
0 0.225 0.5375 0.0859375 0.278125
0 0.46953125 0.55546875 0.0671875 0.2859375
0 0.41875 0.56015625 0.0953125 0.3125
0 0.70859375 0.58671875 0.084375 0.2859375
0 0.39140625 0.56953125 0.1203125 0.371875
0 0.90078125 0.6171875 0.0953125 0.3125
0 0.73984375 0.6078125 0.109375 0.2875
0 0.284375 0.57734375 0.175 0.4234375
0 0.82265625 0.61484375 0.1109375 0.3046875
0 0.63828125 0.60234375 0.1203125 0.29375
0 0.51640625 0.6015625 0.1453125 0.346875
0 0.96171875 0.63515625 0.0765625 0.3640625