0 0.434375 0.5125 0.075 0.328125
0 0.5953125 0.5140625 0.0625 0.2625
0 0.2 0.515625 0.040625 0.190625
0 0.084375 0.5171875 0.0375 0.184375
0 0.959375 0.5171875 0.0484375 0.234375
0 0.778125 0.525 0.0828125 0.309375
0 0.05625 0.5296875 0.0875 0.2515625
0 0.734375 0.53125 0.10625 0.33125
0 0.0328125 0.5375 0.065625 0.3078125
0 0.85 0.5375 0.053125 0.2921875
0 0.875 0.5390625 0.05 0.2
0 0.165625 0.5390625 0.1375 0.371875
0 0.9390625 0.540625 0.090625 0.25625
0 0.253125 0.54375 0.1125 0.325
0 0.675 0.54375 0.075 0.25625
0 0.8015625 0.5453125 0.0875 0.315625
0 0.39375 0.546875 0.065625 0.328125
0 0.546875 0.546875 0.178125 0.4609375
0 0.3515625 0.5515625 0.13125 0.35