0 0.596875 0.503125 0.0984375 0.3515625
0 0.425 0.49609375 0.0796875 0.2828125
0 0.84609375 0.51953125 0.0546875 0.20625
0 0.96953125 0.528125 0.0515625 0.1984375
0 0.03671875 0.47890625 0.0640625 0.2546875
0 0.2296875 0.496875 0.10625 0.334375
0 0.971875 0.53984375 0.05625 0.2703125
0 0.27578125 0.50546875 0.1328125 0.3609375
0 0.15234375 0.50703125 0.071875 0.3140625
0 0.12578125 0.50703125 0.0640625 0.215625
0 0.8828125 0.546875 0.1671875 0.403125
0 0.05703125 0.5046875 0.1109375 0.278125
0 0.7890625 0.54453125 0.1390625 0.353125
0 0.3390625 0.52265625 0.09375 0.2765625
0 0.203125 0.5171875 0.1109375 0.340625
0 0.63828125 0.54140625 0.0890625 0.353125
0 0.475 0.5328125 0.2140625 0.5015625
0 0.68203125 0.55 0.159375 0.378125