0 0.5671875 0.51796875 0.11875 0.34375
0 0.40234375 0.49921875 0.096875 0.2765625
0 0.80703125 0.55 0.065625 0.2
0 0.925 0.56640625 0.0625 0.19375
0 0.03359375 0.45625 0.0671875 0.246875
0 0.21171875 0.48671875 0.1234375 0.3265625
0 0.9453125 0.58203125 0.109375 0.2671875
0 0.25625 0.4984375 0.15 0.353125
0 0.9609375 0.59140625 0.078125 0.3203125
0 0.1375 0.49140625 0.090625 0.30625
0 0.1125 0.48828125 0.0765625 0.2109375
0 0.83984375 0.5796875 0.1875 0.396875
0 0.05390625 0.48125 0.1078125 0.275
0 0.74921875 0.571875 0.1578125 0.3484375
0 0.31640625 0.51875 0.109375 0.271875
0 0.1875 0.50390625 0.1296875 0.3359375
0 0.6046875 0.55703125 0.109375 0.3453125
0 0.446875 0.5375 0.2390625 0.49375
0 0.64609375 0.56796875 0.1796875 0.375