0 0.05625 0.434375 0.0515625 0.14375
0 0.090625 0.45234375 0.0671875 0.19375
0 0.4234375 0.4984375 0.053125 0.1640625
0 0.021875 0.4546875 0.04375 0.175
0 0.453125 0.509375 0.0875 0.20625
0 0.5703125 0.53125 0.0796875 0.209375
0 0.37734375 0.5125 0.0796875 0.196875
0 0.77109375 0.56640625 0.0859375 0.26875
0 0.9234375 0.590625 0.153125 0.315625
0 0.8359375 0.590625 0.1140625 0.328125
0 0.590625 0.56640625 0.1375 0.2625
0 0.5046875 0.55859375 0.1203125 0.28125
0 0.73125 0.5890625 0.121875 0.328125
0 0.6546875 0.59453125 0.1453125 0.33125
0 0.31875 0.5671875 0.1671875 0.3921875
0 0.25703125 0.56875 0.1734375 0.425
0 0.1734375 0.58828125 0.1734375 0.409375