0 0.984375 0.575 0.03125 0.15625
0 0.9578125 0.58671875 0.084375 0.2203125
0 0.59453125 0.5140625 0.0796875 0.1859375
0 0.5578125 0.51328125 0.1234375 0.2359375
0 0.42578125 0.49375 0.1171875 0.2390625
0 0.6375 0.54453125 0.1140625 0.225
0 0.2 0.4578125 0.13125 0.3046875
0 0.0671875 0.43359375 0.134375 0.3546875
0 0.12109375 0.459375 0.16875 0.371875
0 0.390625 0.52265625 0.1859375 0.303125
0 0.4859375 0.546875 0.16875 0.321875
0 0.234375 0.49765625 0.178125 0.3734375
0 0.31171875 0.53046875 0.2046875 0.38125
0 0.68125 0.625 0.2375 0.4515625
0 0.74453125 0.64921875 0.25 0.4875
0 0.82578125 0.6984375 0.2453125 0.46875