0 0.0640625 0.4859375 0.0375 0.1375
0 0.0984375 0.5015625 0.046875 0.1875
0 0.428125 0.5125 0.034375 0.1578125
0 0.025 0.5125 0.0421875 0.16875
0 0.459375 0.5203125 0.065625 0.1953125
0 0.575 0.528125 0.059375 0.2
0 0.3859375 0.5296875 0.0578125 0.1875
0 0.7734375 0.5421875 0.0578125 0.2578125
0 0.925 0.5515625 0.1203125 0.296875
0 0.840625 0.559375 0.0796875 0.3140625
0 0.5984375 0.5609375 0.1109375 0.2453125
0 0.5125 0.5625 0.090625 0.2671875
0 0.7359375 0.56875 0.0875 0.3125
0 0.6640625 0.58125 0.1109375 0.315625
0 0.3328125 0.590625 0.125 0.3734375
0 0.2734375 0.5984375 0.128125 0.40625
0 0.19375 0.625 0.1296875 0.390625