1 0.4484375 0.74609375 0.053125 0.0609375
1 0.53671875 0.76796875 0.0375 0.0484375
1 0.65625 0.80078125 0.0296875 0.028125
1 0.75625 0.81953125 0.025 0.0234375
1 0.7671875 0.81875 0.0265625 0.03125
1 0.7765625 0.80078125 0.028125 0.0359375
1 0.59140625 0.63828125 0.028125 0.0296875
1 0.61484375 0.65 0.028125 0.0265625
1 0.6171875 0.63515625 0.028125 0.03125
1 0.61796875 0.62421875 0.0390625 0.034375
1 0.64609375 0.62734375 0.0265625 0.034375
1 0.65234375 0.64296875 0.021875 0.0203125
1 0.590625 0.62421875 0.0265625 0.01875
0 0.5078125 0.69140625 0.1328125 0.2015625
0 0.72890625 0.740625 0.1296875 0.184375