1 0.68515625 0.4296875 0.0203125 0.021875
1 0.69921875 0.44296875 0.021875 0.025
1 0.6859375 0.45 0.01875 0.01875
1 0.67578125 0.44140625 0.0203125 0.015625
1 0.6921875 0.43671875 0.0171875 0.01875
1 0.71484375 0.44140625 0.025 0.0265625
1 0.715625 0.46484375 0.021875 0.021875
1 0.721875 0.51640625 0.0265625 0.025
1 0.696875 0.52421875 0.0328125 0.028125
1 0.7125 0.5375 0.0203125 0.021875
1 0.69921875 0.54453125 0.0296875 0.021875
1 0.659375 0.53359375 0.0265625 0.0265625
1 0.640625 0.5234375 0.0296875 0.0296875
1 0.62265625 0.51171875 0.0328125 0.0234375
1 0.61875 0.52265625 0.028125 0.01875