1 0.3265625 0.4078125 0.0171875 0.0203125
1 0.3125 0.41875 0.01875 0.0234375
1 0.3234375 0.4265625 0.0171875 0.0171875
1 0.334375 0.4203125 0.01875 0.0140625
1 0.3203125 0.4140625 0.015625 0.0171875
1 0.296875 0.415625 0.021875 0.0234375
1 0.29375 0.4390625 0.0203125 0.0203125
1 0.28125 0.4875 0.0234375 0.021875
1 0.3046875 0.4984375 0.0296875 0.025
1 0.2875 0.509375 0.01875 0.0203125
1 0.3 0.51875 0.028125 0.01875
1 0.3390625 0.5125 0.0234375 0.0234375
1 0.359375 0.50625 0.0265625 0.025
1 0.378125 0.4953125 0.03125 0.0203125
1 0.38125 0.50625 0.0265625 0.015625