1 0.5296875 0.7515625 0.0421875 0.0484375
1 0.6125 0.759375 0.028125 0.04375
1 0.728125 0.76875 0.0234375 0.025
1 0.8203125 0.7703125 0.0203125 0.021875
1 0.83125 0.7671875 0.0203125 0.028125
1 0.8375 0.7484375 0.021875 0.0296875
1 0.6421875 0.6296875 0.021875 0.025
1 0.6640625 0.6359375 0.0234375 0.0203125
1 0.665625 0.621875 0.021875 0.0265625
1 0.6640625 0.6125 0.03125 0.0265625
1 0.690625 0.6109375 0.0203125 0.028125
1 0.6984375 0.6234375 0.0171875 0.015625
1 0.6390625 0.6171875 0.021875 0.0140625
0 0.575 0.69375 0.09375 0.1765625
0 0.784375 0.7015625 0.09375 0.1578125