1 0.73671875 0.40859375 0.0203125 0.0234375
1 0.753125 0.42109375 0.0234375 0.028125
1 0.74140625 0.43125 0.021875 0.021875
1 0.7265625 0.425 0.0234375 0.0171875
1 0.74453125 0.415625 0.01875 0.021875
1 0.77109375 0.415625 0.0265625 0.028125
1 0.7765625 0.44296875 0.025 0.025
1 0.79453125 0.4984375 0.028125 0.0265625
1 0.76875 0.5125 0.034375 0.0296875
1 0.78984375 0.5234375 0.0234375 0.025
1 0.7765625 0.53515625 0.034375 0.021875
1 0.72890625 0.53125 0.028125 0.028125
1 0.70546875 0.525 0.03125 0.03125
1 0.6828125 0.515625 0.0375 0.0265625
1 0.68203125 0.528125 0.03125 0.01875