1 0.70390625 0.6921875 0.1796875 0.175
1 0.07109375 0.2140625 0.0734375 0.0875
1 0.853125 0.296875 0.0828125 0.0765625
1 0.81953125 0.6125 0.1171875 0.1203125
1 0.8578125 0.73828125 0.103125 0.2046875
1 0.93046875 0.71875 0.0828125 0.1234375
1 0.94609375 0.71015625 0.06875 0.1125
1 0.73203125 0.76328125 0.109375 0.1390625
1 0.61875 0.7671875 0.13125 0.103125
1 0.090625 0.16640625 0.0921875 0.059375
1 0.046875 0.41953125 0.09375 0.1453125
1 0.2296875 0.32890625 0.1125 0.090625
1 0.3734375 0.25859375 0.075 0.05625
1 0.3515625 0.29765625 0.0484375 0.0625
1 0.45390625 0.290625 0.0546875 0.0671875
1 0.64453125 0.36796875 0.1125 0.153125
1 0.26015625 0.615625 0.196875 0.1375
1 0.53125 0.7625 0.1234375 0.084375
1 0.3765625 0.73046875 0.1984375 0.109375
1 0.42109375 0.76875 0.1453125 0.040625
1 0.6265625 0.51875 0.10625 0.16875
1 0.696875 0.46640625 0.0734375 0.08125
1 0.85078125 0.52265625 0.1578125 0.125
1 0.12421875 0.603125 0.115625 0.1421875
1 0.00703125 0.609375 0.0140625 0.178125
1 0.45234375 0.63984375 0.1359375 0.13125
1 0.72265625 0.26328125 0.0953125 0.0546875
1 0.92578125 0.36953125 0.1015625 0.0859375
1 0.971875 0.46875 0.05625 0.065625
1 0.97421875 0.52109375 0.0515625 0.0734375
1 0.51796875 0.246875 0.0625 0.0578125
1 0.515625 0.4234375 0.184375 0.084375
1 0.38984375 0.4046875 0.1 0.0671875
1 0.21328125 0.39453125 0.1 0.1078125
1 0.203125 0.4484375 0.0921875 0.078125
1 0.8 0.7625 0.08125 0.1578125
1 0.82734375 0.3890625 0.0796875 0.096875
1 0.575 0.38359375 0.0921875 0.059375
1 0.67734375 0.61640625 0.09375 0.1171875
1 0.1484375 0.33046875 0.0671875 0.0640625
1 0.57421875 0.68125 0.15 0.1046875
1 0.73828125 0.35234375 0.109375 0.115625
1 0.99296875 0.35 0.0140625 0.0625
1 0.88671875 0.425 0.0984375 0.0953125
1 0.7203125 0.56953125 0.103125 0.1078125
1 0.6390625 0.2609375 0.075 0.0640625
1 0.196875 0.73359375 0.165625 0.0453125
1 0.37578125 0.62734375 0.084375 0.11875
1 0.4515625 0.51640625 0.115625 0.1453125
1 0.51875 0.6234375 0.1171875 0.196875
1 0.49453125 0.35546875 0.1203125 0.0890625
1 0.91796875 0.82890625 0.0796875 0.06875
1 0.13046875 0.50625 0.0875 0.0921875