1 0.7828125 0.596875 0.175 0.1703125
1 0.05 0.39375 0.1 0.09375
1 0.7796875 0.19296875 0.0828125 0.0875
1 0.85703125 0.48828125 0.1140625 0.1171875
1 0.9328125 0.58359375 0.10625 0.19375
1 0.9734375 0.54140625 0.053125 0.1171875
1 0.9828125 0.5296875 0.034375 0.10625
1 0.83203125 0.65625 0.1109375 0.1484375
1 0.73515625 0.69609375 0.128125 0.115625
1 0.06171875 0.33125 0.1 0.0828125
1 0.10625 0.58046875 0.1125 0.1421875
1 0.24375 0.4359375 0.1078125 0.0890625
1 0.346875 0.3265625 0.0734375 0.0546875
1 0.3390625 0.36796875 0.05 0.059375
1 0.428125 0.3265625 0.053125 0.065625
1 0.6203125 0.33046875 0.1125 0.1484375
1 0.3671875 0.678125 0.1890625 0.1375
1 0.65625 0.72265625 0.121875 0.0984375
1 0.509375 0.746875 0.190625 0.1234375
1 0.5609375 0.76484375 0.1390625 0.059375
1 0.65625 0.46875 0.1078125 0.1609375
1 0.70078125 0.4 0.0703125 0.078125
1 0.853125 0.39609375 0.153125 0.1234375
1 0.24453125 0.7125 0.1140625 0.1359375
1 0.10546875 0.76953125 0.10625 0.1765625
1 0.54453125 0.634375 0.134375 0.128125
1 0.65390625 0.20859375 0.0921875 0.0640625
1 0.86796875 0.23828125 0.096875 0.0859375
1 0.94453125 0.3078125 0.059375 0.0625
1 0.9609375 0.35390625 0.05 0.0703125
1 0.46953125 0.2671875 0.0609375 0.05625
1 0.61484375 0.19140625 0.0734375 0.0359375
1 0.525 0.42265625 0.175 0.0875
1 0.409375 0.44921875 0.09375 0.0671875
1 0.25078125 0.5 0.096875 0.103125
1 0.26171875 0.55078125 0.0890625 0.0765625
1 0.8921875 0.63203125 0.0859375 0.1625
1 0.7890625 0.28828125 0.0796875 0.0921875
1 0.56640625 0.36953125 0.0890625 0.059375
1 0.73359375 0.53984375 0.0921875 0.1125
1 0.17421875 0.4640625 0.065625 0.0625
1 0.66484375 0.6296875 0.1453125 0.1046875
1 0.6984375 0.28515625 0.10625 0.1125
1 0.93125 0.19296875 0.0390625 0.059375
1 0.8515625 0.29921875 0.0953125 0.09375
1 0.7546875 0.4828125 0.1015625 0.1046875
1 0.58046875 0.23828125 0.0734375 0.0640625
1 0.0484375 0.65859375 0.071875 0.115625
1 0.0953125 0.8578125 0.065625 0.0546875
1 0.0625 0.79296875 0.0484375 0.128125
1 0.353125 0.809375 0.1578125 0.0640625
1 0.47265625 0.64921875 0.084375 0.1140625
1 0.50078125 0.52734375 0.115625 0.140625
1 0.59765625 0.59765625 0.11875 0.1890625
1 0.48515625 0.3703125 0.115625 0.0875
1 0.9890625 0.65078125 0.021875 0.0796875
1 0.2171875 0.62578125 0.084375 0.0875