1 0.7375 0.6375 0.1390625 0.1328125
1 0.103125 0.309375 0.0984375 0.06875
1 0.8140625 0.26875 0.0640625 0.0703125
1 0.8265625 0.5515625 0.0890625 0.0921875
1 0.878125 0.6546875 0.0640625 0.1703125
1 0.9375 0.628125 0.0578125 0.0984375
1 0.9609375 0.61875 0.065625 0.0921875
1 0.771875 0.7046875 0.078125 0.1296875
1 0.6765625 0.7234375 0.103125 0.096875
1 0.1328125 0.25 0.08125 0.075
1 0.125 0.4921875 0.08125 0.11875
1 0.278125 0.3875 0.0890625 0.065625
1 0.39375 0.30625 0.0609375 0.0390625
1 0.3796875 0.34375 0.0359375 0.0484375
1 0.46875 0.3234375 0.0390625 0.053125
1 0.6421875 0.3640625 0.08125 0.1234375
1 0.3453125 0.63125 0.1578125 0.096875
1 0.6 0.740625 0.0984375 0.0984375
1 0.4609375 0.7328125 0.1640625 0.10625
1 0.5046875 0.7625 0.1265625 0.0546875
1 0.6484375 0.496875 0.0734375 0.1375
1 0.7015625 0.4421875 0.0546875 0.0625
1 0.8421875 0.46875 0.1265625 0.090625
1 0.2265625 0.6390625 0.084375 0.1125
1 0.0875 0.6640625 0.06875 0.1546875
1 0.5140625 0.625 0.10625 0.0984375
1 0.696875 0.259375 0.078125 0.04375
1 0.8859375 0.328125 0.078125 0.0640625
1 0.96015625 0.40546875 0.0796875 0.0484375
1 0.965625 0.4515625 0.06875 0.0578125
1 0.5171875 0.2765625 0.046875 0.04375
1 0.6640625 0.228125 0.065625 0.034375
1 0.5390625 0.4296875 0.15625 0.0515625
1 0.428125 0.43125 0.0796875 0.046875
1 0.2734375 0.446875 0.075 0.084375
1 0.271875 0.4953125 0.0734375 0.0578125
1 0.728125 0.7734375 0.1546875 0.03125
1 0.8328125 0.6984375 0.05 0.1578125
1 0.8046875 0.3578125 0.059375 0.0765625
1 0.5859375 0.3875 0.075 0.040625
1 0.7046875 0.575 0.06875 0.09375
1 0.209375 0.4 0.053125 0.046875
1 0.625 0.6453125 0.121875 0.0734375
1 0.721875 0.3375 0.0828125 0.0890625
1 0.96953125 0.2984375 0.0609375 0.05
1 0.859375 0.3796875 0.075 0.0734375
1 0.7359375 0.528125 0.078125 0.084375
1 0.6234375 0.2734375 0.059375 0.0484375
1 0.0421875 0.5515625 0.0765625 0.1
1 0.05 0.75625 0.0796875 0.065625
1 0.028125 0.6765625 0.0515625 0.11875
1 0.30625 0.759375 0.1453125 0.0546875
1 0.446875 0.625 0.059375 0.0953125
1 0.4953125 0.5203125 0.0859375 0.115625
1 0.56875 0.6015625 0.078125 0.1625
1 0.5125 0.375 0.096875 0.0625
1 0.95625 0.7453125 0.0875 0.0890625
1 0.2171875 0.5546875 0.065625 0.0703125