1 0.5984375 0.51875 0.3609375 0.7265625
1 0.33515625 0.44375 0.3703125 0.7078125
1 0.1703125 0.43671875 0.340625 0.7671875
1 0.7859375 0.90390625 0.309375 0.1921875
1 0.5328125 0.90546875 0.25 0.1890625
1 0.3234375 0.8640625 0.2375 0.253125
1 0.1078125 0.83515625 0.215625 0.2328125
1 0.87890625 0.57890625 0.2421875 0.6796875
1 0.75390625 0.71484375 0.2078125 0.24375
1 0.809375 0.51640625 0.196875 0.221875
1 0.84140625 0.32890625 0.215625 0.2265625
1 0.2328125 0.22265625 0.24375 0.234375
1 0.1890625 0.44375 0.2640625 0.3328125
1 0.01328125 0.621875 0.0265625 0.2
1 0.9015625 0.953125 0.065625 0.09375