1 0.61171875 0.5015625 0.3890625 0.725
1 0.3546875 0.41484375 0.3984375 0.7078125
1 0.1890625 0.3953125 0.378125 0.76875
1 0.7703125 0.89609375 0.321875 0.2078125
1 0.51953125 0.89296875 0.2609375 0.2140625
1 0.31796875 0.84453125 0.25 0.2859375
1 0.109375 0.8015625 0.21875 0.26875
1 0.875 0.5765625 0.25 0.675
1 0.7546875 0.703125 0.215625 0.2484375
1 0.81953125 0.5109375 0.203125 0.225
1 0.8609375 0.3265625 0.221875 0.23125
1 0.26484375 0.190625 0.2484375 0.240625
1 0.21015625 0.4078125 0.2734375 0.3375
1 0.02265625 0.57109375 0.0453125 0.2015625
1 0.88125 0.95 0.071875 0.1