1 0.875 0.58203125 0.25 0.5421875
1 0.6296875 0.5296875 0.309375 0.55625
1 0.4359375 0.4859375 0.2921875 0.5578125
1 0.20625 0.440625 0.4125 0.5375
1 0.93515625 0.34375 0.1296875 0.165625
1 0.7953125 0.33125 0.178125 0.178125
1 0.6484375 0.29296875 0.1796875 0.165625
1 0.5 0.2625 0.178125 0.1609375
1 0.34296875 0.23515625 0.19375 0.18125
1 0.16953125 0.19375 0.19375 0.1609375
1 0.77578125 0.48359375 0.1390625 0.1640625
1 0.30234375 0.38828125 0.1859375 0.1875
1 0.0765625 0.5265625 0.153125 0.171875
1 0.08671875 0.68828125 0.1734375 0.1984375
1 0.234375 0.73671875 0.190625 0.1796875
1 0.39140625 0.7640625 0.1765625 0.1484375
1 0.54921875 0.78828125 0.1875 0.1640625
1 0.71953125 0.80546875 0.1875 0.19375
1 0.8703125 0.83046875 0.1765625 0.1921875
1 0.72578125 0.63125 0.13125 0.1734375