1 0.1015625 0.5046875 0.203125 0.49375
1 0.3703125 0.503125 0.203125 0.503125
1 0.5609375 0.496875 0.1875 0.5078125
1 0.809375 0.5015625 0.359375 0.459375
1 0.09375 0.2703125 0.15625 0.13125
1 0.25 0.284375 0.1453125 0.1453125
1 0.3953125 0.275 0.15 0.1328125
1 0.540625 0.2734375 0.1484375 0.128125
1 0.69375 0.2765625 0.1609375 0.1453125
1 0.865625 0.26875 0.1640625 0.1265625
1 0.2421875 0.4328125 0.109375 0.140625
1 0.7046875 0.4296875 0.1515625 0.1546875
1 0.8984375 0.6015625 0.1375 0.140625
1 0.8734375 0.7546875 0.18125 0.159375
1 0.7046875 0.76875 0.1578125 0.1453125
1 0.5515625 0.765625 0.15 0.115625
1 0.3984375 0.7609375 0.1578125 0.1296875
1 0.2359375 0.7453125 0.153125 0.159375
1 0.0828125 0.7453125 0.1640625 0.1609375
1 0.2609375 0.58125 0.1 0.15