1 0.85078125 0.228125 0.2859375 0.45625
1 0.70625 0.23203125 0.246875 0.4640625
1 0.578125 0.2265625 0.275 0.453125
1 0.44609375 0.26796875 0.26875 0.4625
1 0.28671875 0.296875 0.2875 0.4703125
1 0.159375 0.3328125 0.278125 0.475
1 0.0703125 0.328125 0.140625 0.4625
1 0.88984375 0.659375 0.2203125 0.496875
1 0.71953125 0.68515625 0.234375 0.478125
1 0.59140625 0.69296875 0.221875 0.4328125
1 0.4703125 0.68125 0.2375 0.346875
1 0.321875 0.7328125 0.2 0.4265625
1 0.178125 0.76015625 0.2328125 0.4078125