1 0.95703125 0.81875 0.08125 0.359375
1 0.88359375 0.81015625 0.125 0.3421875
1 0.81015625 0.80234375 0.1234375 0.3515625
1 0.74375 0.78046875 0.1140625 0.334375
1 0.6625 0.7796875 0.1078125 0.2984375
1 0.5765625 0.76875 0.11875 0.309375
1 0.5109375 0.7734375 0.1078125 0.3046875
1 0.4390625 0.77109375 0.1375 0.3015625
1 0.3671875 0.77265625 0.115625 0.3125
1 0.2828125 0.78515625 0.125 0.3453125
1 0.221875 0.7859375 0.1078125 0.30625
1 0.14921875 0.7953125 0.1140625 0.334375
1 0.07109375 0.803125 0.125 0.35625