1 0.3875 0.48125 0.225 0.64375
1 0.6390625 0.4546875 0.2375 0.621875
1 0.8453125 0.4828125 0.309375 0.6765625
1 0.1515625 0.8578125 0.25625 0.2453125
1 0.3859375 0.86875 0.20625 0.184375
1 0.584375 0.85625 0.190625 0.2328125
1 0.803125 0.8703125 0.209375 0.2203125
1 0.0921875 0.4875 0.184375 0.609375
1 0.2140625 0.634375 0.159375 0.2015625
1 0.1953125 0.4453125 0.153125 0.18125
1 0.196875 0.26875 0.1703125 0.18125
1 0.7671875 0.2703125 0.1953125 0.1859375
1 0.771875 0.478125 0.1984375 0.2765625
1 0.9546875 0.675 0.090625 0.1859375
1 0.9453125 0.86875 0.109375 0.2125
1 0.0265625 0.86875 0.053125 0.1640625