1 0.12109375 0.4671875 0.2421875 0.53125
1 0.38046875 0.49921875 0.2734375 0.5421875
1 0.5765625 0.5171875 0.25625 0.5453125
1 0.8078125 0.54921875 0.384375 0.5109375
1 0.12734375 0.22578125 0.1765625 0.1546875
1 0.28671875 0.2609375 0.1671875 0.1671875
1 0.43515625 0.2703125 0.1703125 0.1546875
1 0.584375 0.28671875 0.16875 0.15
1 0.740625 0.309375 0.1828125 0.16875
1 0.91328125 0.32265625 0.1734375 0.1515625
1 0.25859375 0.4125 0.13125 0.1578125
1 0.734375 0.465625 0.175 0.1765625
1 0.909375 0.66796875 0.159375 0.1609375
1 0.86484375 0.821875 0.20625 0.1859375
1 0.69140625 0.81484375 0.1796875 0.16875
1 0.53515625 0.7921875 0.16875 0.1359375
1 0.37734375 0.76640625 0.1796875 0.153125
1 0.21328125 0.73125 0.1765625 0.1828125
1 0.07421875 0.7125 0.1484375 0.184375
1 0.25859375 0.56640625 0.121875 0.1671875