1 0.10703125 0.25703125 0.2140625 0.5140625
1 0.25546875 0.25 0.1953125 0.5
1 0.3984375 0.23359375 0.2375 0.4671875
1 0.54765625 0.2578125 0.2296875 0.4828125
1 0.72421875 0.2625 0.25 0.4859375
1 0.865625 0.284375 0.2390625 0.49375
1 0.9578125 0.2578125 0.084375 0.4875
1 0.10625 0.73984375 0.2125 0.4984375
1 0.309375 0.74609375 0.190625 0.5015625
1 0.45390625 0.7375 0.18125 0.4546875
1 0.58359375 0.70625 0.2140625 0.35625
1 0.75078125 0.73984375 0.1578125 0.45
1 0.9046875 0.74296875 0.1875 0.4265625