1 0.48828125 0.046875 0.09375 0.08125
1 0.75078125 0.5375 0.103125 0.10625
1 0.23828125 0.3453125 0.109375 0.1015625
1 0.42265625 0.6828125 0.1171875 0.13125
1 0.16796875 0.3546875 0.071875 0.0859375
1 0.28984375 0.39765625 0.0875 0.084375
1 0.5859375 0.1328125 0.3390625 0.234375
1 0.8 0.3046875 0.0875 0.0953125
1 0.3265625 0.31015625 0.1 0.090625
1 0.8171875 0.44765625 0.1109375 0.0984375
1 0.39296875 0.35546875 0.1828125 0.1296875
1 0.47421875 0.88125 0.2546875 0.2375
1 0.32265625 0.68203125 0.09375 0.1015625
1 0.64921875 0.259375 0.1046875 0.1
1 0.73203125 0.3328125 0.096875 0.0765625
1 0.84609375 0.525 0.0828125 0.0765625