1 0.3828125 0.721875 0.2125 0.2125
1 0.33125 0.5921875 0.090625 0.0953125
1 0.621875 0.69375 0.109375 0.0828125
1 0.5609375 0.621875 0.0515625 0.065625
1 0.45625 0.5515625 0.0796875 0.05
1 0.471875 0.4546875 0.0625 0.0796875
1 0.69375 0.35 0.0625 0.0796875
1 0.5046875 0.6453125 0.0671875 0.0703125
1 0.6796875 0.890625 0.0875 0.1
1 0.6734375 0.29375 0.0640625 0.06875
1 0.6921875 0.5890625 0.0609375 0.078125
1 0.634375 0.3953125 0.1109375 0.059375
1 0.5921875 0.88125 0.1625 0.16875
1 0.6765625 0.65 0.0453125 0.0375
1 0.7109375 0.646875 0.0265625 0.0375
1 0.540625 0.384375 0.1015625 0.1078125
1 0.628125 0.3125 0.065625 0.0765625