1 0.60390625 0.765625 0.221875 0.25625
1 0.678125 0.621875 0.0859375 0.1140625
1 0.35 0.71640625 0.13125 0.103125
1 0.42578125 0.6390625 0.0640625 0.0796875
1 0.5515625 0.56796875 0.09375 0.0640625
1 0.540625 0.45546875 0.0765625 0.0953125
1 0.3109375 0.31953125 0.0515625 0.09375
1 0.48828125 0.66953125 0.08125 0.084375
1 0.28203125 0.9328125 0.0828125 0.1109375
1 0.32578125 0.2578125 0.075 0.084375
1 0.29140625 0.5921875 0.0515625 0.0921875
1 0.36171875 0.37578125 0.13125 0.0765625
1 0.37265625 0.9140625 0.196875 0.16875
1 0.29296875 0.6625 0.0546875 0.0453125
1 0.46796875 0.37109375 0.125 0.1296875
1 0.37578125 0.28125 0.08125 0.0921875