1 0.3453125 0.7796875 0.2125 0.2515625
1 0.296875 0.6328125 0.078125 0.1125
1 0.590625 0.77109375 0.128125 0.1015625
1 0.53046875 0.6859375 0.0625 0.078125
1 0.42265625 0.5984375 0.0921875 0.0640625
1 0.44921875 0.4921875 0.0765625 0.09375
1 0.7015625 0.3984375 0.0734375 0.0921875
1 0.46796875 0.70546875 0.08125 0.0828125
1 0.6375 0.96640625 0.1 0.0671875
1 0.68515625 0.3359375 0.078125 0.0828125
1 0.67890625 0.66171875 0.0734375 0.090625
1 0.63359375 0.44453125 0.1265625 0.0765625
1 0.5421875 0.9359375 0.190625 0.128125
1 0.65390625 0.728125 0.053125 0.0453125
1 0.69140625 0.72890625 0.0296875 0.0421875
1 0.53203125 0.42265625 0.121875 0.128125
1 0.63359375 0.3515625 0.08125 0.090625