1 0.409375 0.0953125 0.0765625 0.059375
1 0.2890625 0.6125 0.0796875 0.0828125
1 0.7140625 0.3078125 0.0875 0.078125
1 0.6265625 0.6640625 0.0875 0.10625
1 0.78125 0.2984375 0.053125 0.071875
1 0.6796875 0.36875 0.06875 0.065625
1 0.340625 0.1984375 0.29375 0.153125
1 0.184375 0.409375 0.071875 0.075
1 0.625 0.2984375 0.08125 0.06875
1 0.20625 0.5453125 0.0890625 0.0734375
1 0.5734375 0.35625 0.1578125 0.0859375
1 0.63125 0.86875 0.1984375 0.196875
1 0.7203125 0.6375 0.071875 0.08125
1 0.315625 0.3296875 0.08125 0.078125
1 0.25625 0.4171875 0.08125 0.0546875
1 0.1984375 0.625 0.065625 0.0578125