1 0.48671875 0.0578125 0.0890625 0.0734375
1 0.2828125 0.5859375 0.0953125 0.0984375
1 0.775 0.32734375 0.1046875 0.0953125
1 0.6328125 0.690625 0.1078125 0.125
1 0.84921875 0.328125 0.065625 0.084375
1 0.73046875 0.3875 0.0828125 0.0796875
1 0.3984375 0.15625 0.3328125 0.2046875
1 0.2015625 0.35546875 0.0875 0.0890625
1 0.68359375 0.303125 0.0953125 0.084375
1 0.2046875 0.50234375 0.1046875 0.090625
1 0.62109375 0.3578125 0.1796875 0.1140625
1 0.6046875 0.89375 0.2375 0.2125
1 0.73359375 0.6765625 0.0875 0.0953125
1 0.35234375 0.29140625 0.0984375 0.09375
1 0.27734375 0.37578125 0.0953125 0.06875
1 0.18515625 0.58515625 0.0765625 0.071875