0 0.89296875 0.43359375 0.0828125 0.2984375
0 0.2796875 0.4015625 0.1265625 0.359375
0 0.78046875 0.45546875 0.1625 0.5
0 0.93515625 0.478125 0.1296875 0.471875
0 0.12578125 0.4484375 0.1640625 0.4765625
0 0.56640625 0.4875 0.1015625 0.4
0 0.67421875 0.5171875 0.2984375 0.775
0 0.41953125 0.53515625 0.3421875 0.725
0 0.2546875 0.17890625 0.03125 0.078125
0 0.1296875 0.1921875 0.040625 0.071875
0 0.0953125 0.18984375 0.0328125 0.075
0 0.178125 0.1984375 0.0328125 0.090625
0 0.24140625 0.209375 0.034375 0.0828125