0 0.865625 0.4046875 0.065625 0.2875
0 0.2734375 0.40390625 0.1046875 0.3421875
0 0.7578125 0.43125 0.13125 0.4765625
0 0.9296875 0.44453125 0.140625 0.4515625
0 0.12734375 0.4578125 0.134375 0.453125
0 0.55390625 0.47265625 0.0765625 0.3828125
0 0.659375 0.496875 0.25 0.7375
0 0.41328125 0.5265625 0.2953125 0.6859375
0 0.23828125 0.1921875 0.0265625 0.0734375
0 0.11875 0.21015625 0.0375 0.06875
0 0.084375 0.21015625 0.0296875 0.0703125
0 0.1640625 0.2140625 0.0265625 0.0859375
0 0.225 0.221875 0.0296875 0.078125