0 0.56484375 0.34921875 0.0125 0.0234375
0 0.146875 0.36875 0.0140625 0.021875
0 0.4171875 0.3703125 0.0140625 0.028125
0 0.575 0.37421875 0.015625 0.0296875
0 0.76875 0.3671875 0.015625 0.03125
0 0.31953125 0.384375 0.0125 0.03125
0 0.71015625 0.37421875 0.0171875 0.0296875
0 0.67890625 0.378125 0.0125 0.034375
0 0.69140625 0.37734375 0.0140625 0.0328125
0 0.53046875 0.38515625 0.0125 0.034375
0 0.21640625 0.39765625 0.0171875 0.0265625
0 0.66796875 0.38125 0.0140625 0.034375
0 0.45234375 0.3890625 0.015625 0.0328125
0 0.50859375 0.390625 0.0140625 0.0375
0 0.56796875 0.38828125 0.0140625 0.0265625
0 0.55859375 0.38984375 0.0140625 0.03125
0 0.63203125 0.3875 0.015625 0.03125
0 0.59296875 0.3890625 0.015625 0.0234375
0 0.1796875 0.40625 0.0140625 0.028125
0 0.43671875 0.39765625 0.0125 0.0359375
0 0.54609375 0.3953125 0.0171875 0.0328125
0 0.1625 0.41015625 0.015625 0.0265625
0 0.3515625 0.40390625 0.015625 0.028125
0 0.2875 0.40546875 0.0171875 0.0328125
0 0.23125 0.409375 0.015625 0.03125
0 0.2015625 0.41171875 0.0140625 0.0328125
0 0.365625 0.40625 0.015625 0.034375
0 0.2625 0.41171875 0.0171875 0.0390625
0 0.2734375 0.4109375 0.015625 0.0359375
0 0.2484375 0.41171875 0.015625 0.0359375
0 0.315625 0.4125 0.015625 0.03125
0 0.378125 0.41015625 0.0140625 0.034375
0 0.6140625 0.40234375 0.01875 0.03125
0 0.6546875 0.40234375 0.0140625 0.03125
0 0.6453125 0.40234375 0.0140625 0.034375
0 0.6015625 0.40546875 0.0140625 0.0328125
0 0.471875 0.41015625 0.015625 0.0375
0 0.571875 0.40859375 0.0171875 0.04375
0 0.7109375 0.40546875 0.0203125 0.040625
0 0.5203125 0.41171875 0.0203125 0.0375
0 0.2125 0.42421875 0.0171875 0.0359375
0 0.4546875 0.415625 0.0140625 0.040625
0 0.421875 0.41953125 0.01875 0.0421875
0 0.4078125 0.421875 0.0125 0.0359375
0 0.32578125 0.425 0.0171875 0.040625
0 0.4328125 0.42109375 0.0171875 0.034375
0 0.5921875 0.4171875 0.0203125 0.040625
0 0.07265625 0.43515625 0.021875 0.0234375
0 0.09609375 0.434375 0.021875 0.0421875
0 0.23828125 0.4296875 0.0203125 0.0265625
0 0.18515625 0.434375 0.0140625 0.0375
0 0.39453125 0.42734375 0.021875 0.0421875
0 0.63671875 0.4203125 0.0140625 0.040625
0 0.16796875 0.43671875 0.021875 0.0453125
0 0.34140625 0.43046875 0.01875 0.034375
0 0.35546875 0.4328125 0.0171875 0.0421875
0 0.29921875 0.43671875 0.0171875 0.03125
0 0.62890625 0.4265625 0.0171875 0.0390625
0 0.49609375 0.4328125 0.0140625 0.04375
0 0.48515625 0.43359375 0.015625 0.04375
0 0.31328125 0.4421875 0.015625 0.04375
0 0.28671875 0.44453125 0.0171875 0.03125
0 0.128125 0.45546875 0.0234375 0.046875
0 0.1125 0.45546875 0.0203125 0.0515625
0 0.053125 0.459375 0.0203125 0.0453125
0 0.428125 0.44765625 0.015625 0.0375
0 0.88359375 0.43203125 0.0265625 0.04375
0 0.3015625 0.45390625 0.0140625 0.025
0 0.240625 0.45625 0.0203125 0.04375
0 0.21875 0.45859375 0.01875 0.034375
0 0.228125 0.4578125 0.0140625 0.0453125
0 0.8046875 0.4390625 0.0234375 0.0515625
0 0.071875 0.46484375 0.0234375 0.046875
0 0.91796875 0.43515625 0.021875 0.0421875
0 0.146875 0.4640625 0.0171875 0.0453125
0 0.3890625 0.45546875 0.01875 0.0375
0 0.3671875 0.459375 0.01875 0.0234375
0 0.6265625 0.45 0.01875 0.04375
0 0.6671875 0.45 0.028125 0.053125
0 0.8796875 0.44296875 0.0171875 0.021875
0 0.0296875 0.47421875 0.0234375 0.05
0 0.18125 0.4703125 0.015625 0.046875
0 0.41875 0.4640625 0.0234375 0.053125
0 0.790625 0.45234375 0.01875 0.0328125
0 0.01171875 0.48125 0.0171875 0.0296875
0 0.19296875 0.4765625 0.0203125 0.0484375
0 0.16953125 0.47890625 0.021875 0.05
0 0.37265625 0.471875 0.0234375 0.03125
0 0.20546875 0.47890625 0.0140625 0.0609375
0 0.27109375 0.478125 0.021875 0.0546875
0 0.21953125 0.48046875 0.0203125 0.0546875
0 0.878125 0.45703125 0.01875 0.028125
0 0.70390625 0.46328125 0.0203125 0.0328125
0 0.9015625 0.45625 0.0203125 0.0234375
0 0.38984375 0.47578125 0.01875 0.05625
0 0.92265625 0.46015625 0.01875 0.0359375
0 0.29765625 0.48203125 0.015625 0.0359375
0 0.85859375 0.4640625 0.0171875 0.053125
0 0.54453125 0.475 0.0234375 0.0546875
0 0.59296875 0.475 0.021875 0.0640625
0 0.25234375 0.48828125 0.0203125 0.059375
0 0.51640625 0.47890625 0.0171875 0.0546875
0 0.50390625 0.48125 0.0171875 0.0625
0 0.78984375 0.47109375 0.021875 0.040625
0 0.28671875 0.4890625 0.01875 0.0546875
0 0.125 0.49609375 0.0234375 0.0546875
0 0.059375 0.4984375 0.0203125 0.0546875
0 0.315625 0.4921875 0.025 0.0578125
0 0.90390625 0.4734375 0.025 0.028125
0 0.0109375 0.50625 0.0171875 0.021875
0 0.88515625 0.47734375 0.0234375 0.0453125
0 0.84921875 0.48125 0.021875 0.0578125
0 0.6796875 0.4875 0.0203125 0.05625
0 0.36875 0.4984375 0.025 0.059375
0 0.434375 0.49921875 0.028125 0.0671875
0 0.5296875 0.49609375 0.021875 0.0609375
0 0.559375 0.49921875 0.0203125 0.0546875
0 0.8265625 0.49140625 0.0203125 0.034375
0 0.734375 0.4953125 0.01875 0.05625
0 0.70625 0.49765625 0.028125 0.0640625
0 0.878125 0.49296875 0.025 0.053125
0 0.91875 0.49140625 0.0203125 0.04375
0 0.903125 0.4953125 0.015625 0.0453125
0 0.30078125 0.51796875 0.028125 0.0609375
0 0.740625 0.50234375 0.0203125 0.065625
0 0.6609375 0.50546875 0.028125 0.0671875
0 0.03046875 0.53046875 0.025 0.071875
0 0.7890625 0.50390625 0.0234375 0.059375
0 0.771875 0.50625 0.0203125 0.0609375
0 0.48203125 0.52109375 0.0234375 0.059375
0 0.22578125 0.5359375 0.025 0.059375
0 0.98046875 0.51015625 0.0265625 0.0703125
0 0.96484375 0.51484375 0.0234375 0.075
0 0.421875 0.5375 0.0453125 0.078125
0 0.59921875 0.53125 0.025 0.065625
0 0.01328125 0.553125 0.0265625 0.090625
0 0.82734375 0.52421875 0.03125 0.0703125
0 0.884375 0.52734375 0.03125 0.071875
0 0.55625 0.540625 0.0328125 0.065625
0 0.953125 0.5265625 0.0234375 0.0703125
0 0.9390625 0.528125 0.0265625 0.065625
0 0.4609375 0.546875 0.028125 0.0828125
0 0.8875 0.53671875 0.040625 0.075
0 0.9859375 0.534375 0.028125 0.078125
0 0.91640625 0.54921875 0.034375 0.0765625
0 0.48984375 0.56640625 0.0234375 0.0796875
0 0.14765625 0.584375 0.0296875 0.075
0 0.109375 0.5953125 0.028125 0.084375
0 0.2734375 0.5984375 0.03125 0.08125
0 0.3015625 0.60078125 0.0265625 0.084375
0 0.12109375 0.62109375 0.028125 0.090625
0 0.24609375 0.61796875 0.0453125 0.0921875
0 0.14140625 0.6234375 0.0265625 0.0859375
0 0.93828125 0.60703125 0.0375 0.103125
0 0.55234375 0.621875 0.028125 0.0984375
0 0.521875 0.62265625 0.0328125 0.0828125
0 0.59375 0.63125 0.034375 0.1
0 0.40234375 0.646875 0.059375 0.1078125
0 0.3109375 0.68671875 0.0390625 0.1078125
0 0.2703125 0.6890625 0.0390625 0.109375
0 0.98125 0.67265625 0.0375 0.1046875
0 0.41953125 0.69375 0.0453125 0.0984375
0 0.35078125 0.70078125 0.04375 0.1078125
0 0.47265625 0.70078125 0.046875 0.115625
0 0.59140625 0.6984375 0.034375 0.128125
0 0.52109375 0.70546875 0.0390625 0.1234375
0 0.225 0.71875 0.0421875 0.1203125
0 0.76171875 0.7015625 0.046875 0.1109375
0 0.0765625 0.72890625 0.0546875 0.1234375
0 0.1796875 0.7265625 0.0484375 0.1046875
0 0.8125 0.7203125 0.04375 0.1
0 0.13046875 0.75546875 0.0453125 0.0796875
0 0.38984375 0.75234375 0.05 0.0640625
0 0.43359375 0.75234375 0.0453125 0.0625