0 0.5109375 0.653125 0.0578125 0.1
0 0.59375 0.6484375 0.065625 0.1015625
0 0.4640625 0.65703125 0.0375 0.109375
0 0.5671875 0.6515625 0.040625 0.096875
0 0.440625 0.6578125 0.034375 0.0921875
0 0.37890625 0.6609375 0.0328125 0.103125
0 0.32578125 0.6671875 0.0578125 0.10625
0 0.54453125 0.65546875 0.0421875 0.1109375
0 0.68125 0.65 0.0515625 0.1078125
0 0.26796875 0.671875 0.06875 0.1125
0 0.784375 0.64609375 0.0375 0.0859375
0 0.8125 0.64609375 0.0515625 0.1109375
0 0.86875 0.6453125 0.0703125 0.1234375
0 0.99140625 0.64140625 0.0171875 0.1109375
0 0.94453125 0.64609375 0.0578125 0.0890625
0 0.91484375 0.6484375 0.071875 0.103125