0 0.778125 0.696875 0.0921875 0.16875
0 0.4875 0.7 0.0953125 0.1953125
0 0.53125 0.7046875 0.046875 0.171875
0 0.1609375 0.7046875 0.0421875 0.18125
0 0.584375 0.70625 0.0640625 0.1546875
0 0.425 0.7078125 0.0609375 0.1515625
0 0.284375 0.709375 0.0390625 0.159375
0 0.6515625 0.709375 0.046875 0.1765625
0 0.6828125 0.7109375 0.06875 0.1734375
0 0.2296875 0.7109375 0.08125 0.1875
0 0.3484375 0.7109375 0.0828125 0.171875
0 0.9 0.7109375 0.071875 0.171875
0 0.271875 0.7109375 0.075 0.1796875
0 0.1125 0.7125 0.0765625 0.1734375
0 0.7796875 0.7140625 0.084375 0.1703125
0 0.046875 0.7140625 0.0515625 0.1765625
0 0.203125 0.7140625 0.084375 0.1984375
0 0.8484375 0.715625 0.053125 0.1828125
0 0.14375 0.715625 0.0484375 0.153125
0 0.45 0.715625 0.0828125 0.171875
0 0.97265625 0.71640625 0.0546875 0.1734375
0 0.6328125 0.7171875 0.0984375 0.15
0 0.9703125 0.71875 0.04375 0.159375
0 0.390625 0.71875 0.05625 0.159375
0 0.7328125 0.71875 0.090625 0.1703125
0 0.93125 0.7234375 0.03125 0.1671875
0 0.0640625 0.728125 0.0953125 0.16875