0 0.59453125 0.61640625 0.0171875 0.028125
0 0.50078125 0.6359375 0.0265625 0.0625
0 0.73359375 0.60546875 0.0328125 0.0546875
0 0.7171875 0.6125 0.0234375 0.0484375
0 0.37109375 0.67734375 0.046875 0.0953125
0 0.76796875 0.6140625 0.0390625 0.0796875
0 0.1203125 0.728125 0.0390625 0.125
0 0.103125 0.73046875 0.0484375 0.134375
0 0.62109375 0.6546875 0.0640625 0.1265625
0 0.9390625 0.6078125 0.0515625 0.128125
0 0.42578125 0.690625 0.0609375 0.1546875
0 0.67734375 0.65234375 0.0546875 0.13125
0 0.82421875 0.63046875 0.0453125 0.134375
0 0.48046875 0.68828125 0.0578125 0.1484375
0 0.846875 0.63359375 0.0640625 0.1515625
0 0.64609375 0.67421875 0.05625 0.0984375
0 0.5859375 0.684375 0.05 0.0765625
0 0.31015625 0.7296875 0.096875 0.2125
0 0.98671875 0.62421875 0.0265625 0.1921875
0 0.35390625 0.75390625 0.1046875 0.1859375