0 0.5 0.5765625 0.009375 0.0234375
0 0.6578125 0.5765625 0.015625 0.03125
0 0.48125 0.578125 0.0125 0.0328125
0 0.771875 0.5796875 0.0234375 0.053125
0 0.4578125 0.58125 0.015625 0.0390625
0 0.54375 0.584375 0.015625 0.046875
0 0.425 0.5890625 0.025 0.053125
0 0.10625 0.5921875 0.0265625 0.05625
0 0.9921875 0.6 0.015625 0.11875
0 0.384375 0.6015625 0.0359375 0.08125
0 0.2796875 0.6140625 0.0578125 0.1140625
0 0.0734375 0.6140625 0.0234375 0.1109375
0 0.8234375 0.6171875 0.0765625 0.175
0 0.6125 0.6234375 0.0671875 0.1828125
0 0.69375 0.625 0.0453125 0.18125
0 0.7359375 0.628125 0.0453125 0.1625
0 0.021875 0.63125 0.0421875 0.128125