0 0.471875 0.3703125 0.1 0.15
0 0.28984375 0.42421875 0.0734375 0.215625
0 0.17890625 0.4328125 0.078125 0.209375
0 0.221875 0.43984375 0.0734375 0.19375
0 0.6328125 0.4109375 0.0390625 0.153125
0 0.59296875 0.41796875 0.053125 0.14375
0 0.84140625 0.41171875 0.1046875 0.2859375
0 0.66484375 0.44140625 0.071875 0.253125
0 0.846875 0.43984375 0.1171875 0.2765625
0 0.5359375 0.47109375 0.140625 0.2859375
0 0.29765625 0.5 0.0984375 0.2828125
0 0.6921875 0.47421875 0.09375 0.2859375
0 0.9359375 0.45859375 0.125 0.315625
0 0.5234375 0.503125 0.10625 0.265625
0 0.7484375 0.490625 0.146875 0.365625
0 0.34921875 0.55625 0.1328125 0.4140625
0 0.48359375 0.55625 0.103125 0.3265625
0 0.12421875 0.59375 0.146875 0.36875
0 0.053125 0.61953125 0.10625 0.3578125