0 0.546875 0.6453125 0.0125 0.0234375
0 0.459375 0.65 0.015625 0.05625
0 0.6734375 0.65625 0.0234375 0.046875
0 0.6578125 0.659375 0.0140625 0.0421875
0 0.3390625 0.66875 0.0296875 0.0828125
0 0.703125 0.66875 0.025 0.06875
0 0.1046875 0.678125 0.01875 0.1125
0 0.090625 0.678125 0.025 0.11875
0 0.5640625 0.684375 0.040625 0.109375
0 0.8578125 0.6859375 0.0296875 0.1140625
0 0.3859375 0.6875 0.034375 0.1359375
0 0.615625 0.6890625 0.03125 0.1140625
0 0.7515625 0.690625 0.0234375 0.121875
0 0.434375 0.6921875 0.0328125 0.13125
0 0.771875 0.696875 0.0390625 0.1328125
0 0.584375 0.7046875 0.0390625 0.0859375
0 0.5296875 0.7046875 0.0359375 0.065625
0 0.275 0.70625 0.059375 0.1859375
0 0.9296875 0.7109375 0.059375 0.171875
0 0.3109375 0.7359375 0.0703125 0.1625