0 0.22109375 0.4171875 0.059375 0.0890625
0 0.11640625 0.40078125 0.0546875 0.0921875
0 0.409375 0.46484375 0.0578125 0.1140625
0 0.44765625 0.4796875 0.0484375 0.109375
0 0.94140625 0.58125 0.0671875 0.1578125
0 0.6109375 0.52890625 0.08125 0.18125
0 0.659375 0.5390625 0.0984375 0.2
0 0.3796875 0.48984375 0.0515625 0.1234375
0 0.34375 0.49453125 0.084375 0.1875
0 0.78828125 0.5765625 0.078125 0.175
0 0.9625 0.6171875 0.075 0.21875
0 0.03515625 0.45234375 0.0703125 0.1828125
0 0.56953125 0.55390625 0.1296875 0.221875
0 0.16640625 0.4828125 0.1140625 0.2296875
0 0.72421875 0.603125 0.121875 0.2453125
0 0.87265625 0.63515625 0.1421875 0.3296875
0 0.27109375 0.5375 0.1296875 0.2828125
0 0.0828125 0.515625 0.14375 0.275
0 0.4546875 0.63828125 0.1984375 0.3890625