0 0.44765625 0.459375 0.0265625 0.065625
0 0.396875 0.46328125 0.05 0.1046875
0 0.57890625 0.48046875 0.040625 0.09375
0 0.49140625 0.48828125 0.0546875 0.1703125
0 0.61640625 0.5125 0.0421875 0.1390625
0 0.80703125 0.52734375 0.0453125 0.1640625
0 0.271875 0.49921875 0.05625 0.18125
0 0.2421875 0.50078125 0.090625 0.23125
0 0.528125 0.528125 0.0859375 0.2671875
0 0.765625 0.5421875 0.0734375 0.2359375
0 0.328125 0.52265625 0.1125 0.2609375
0 0.1140625 0.5125 0.0984375 0.2125
0 0.0578125 0.5140625 0.078125 0.209375
0 0.65234375 0.546875 0.0953125 0.2625
0 0.1734375 0.528125 0.075 0.184375
0 0.41875 0.56484375 0.0796875 0.2453125
0 0.734375 0.5984375 0.11875 0.33125
0 0.8765625 0.653125 0.1703125 0.428125