0 0.496875 0.65234375 0.0625 0.103125
0 0.58046875 0.6625 0.0703125 0.10625
0 0.45 0.6484375 0.0421875 0.1109375
0 0.55390625 0.6609375 0.0453125 0.0984375
0 0.4265625 0.64765625 0.0390625 0.09375
0 0.3640625 0.64140625 0.0390625 0.10625
0 0.3109375 0.6390625 0.0640625 0.109375
0 0.53046875 0.66171875 0.046875 0.1140625
0 0.66640625 0.678125 0.05625 0.1125
0 0.2515625 0.634375 0.075 0.1171875
0 0.771875 0.690625 0.0421875 0.0890625
0 0.8 0.6953125 0.05625 0.115625
0 0.85546875 0.70234375 0.078125 0.128125
0 0.93125 0.71484375 0.0625 0.0921875
0 0.9015625 0.71171875 0.0796875 0.1078125