0 0.5375 0.41640625 0.0265625 0.0671875
0 0.5890625 0.4234375 0.0484375 0.109375
0 0.4 0.428125 0.0390625 0.0953125
0 0.48984375 0.44375 0.0515625 0.178125
0 0.35703125 0.45859375 0.0390625 0.14375
0 0.15703125 0.459375 0.04375 0.1703125
0 0.71953125 0.46953125 0.053125 0.190625
0 0.74921875 0.475 0.0859375 0.240625
0 0.4484375 0.48203125 0.0796875 0.278125
0 0.1984375 0.47890625 0.0671875 0.2453125
0 0.65625 0.48984375 0.109375 0.2703125
0 0.88125 0.49609375 0.09375 0.2203125
0 0.9390625 0.5015625 0.0734375 0.2171875
0 0.3171875 0.4921875 0.0890625 0.2734375
0 0.81875 0.50859375 0.071875 0.1921875
0 0.56015625 0.52734375 0.075 0.2546875
0 0.22890625 0.540625 0.1125 0.34375
0 0.07734375 0.58515625 0.1546875 0.4421875