0 0.54296875 0.3515625 0.0140625 0.025
0 0.09296875 0.340625 0.015625 0.0234375
0 0.3828125 0.36328125 0.0140625 0.0296875
0 0.55078125 0.378125 0.015625 0.0328125
0 0.76015625 0.3875 0.015625 0.0328125
0 0.278125 0.3703125 0.0125 0.0328125
0 0.69609375 0.38828125 0.01875 0.0328125
0 0.66328125 0.38984375 0.0140625 0.0375
0 0.67578125 0.3921875 0.015625 0.0359375
0 0.50234375 0.3875 0.0140625 0.0375
0 0.16484375 0.37734375 0.0171875 0.028125
0 0.65234375 0.39453125 0.0140625 0.0375
0 0.41796875 0.3859375 0.015625 0.0359375
0 0.48046875 0.39140625 0.0140625 0.040625
0 0.54453125 0.39375 0.0140625 0.0296875
0 0.53359375 0.39453125 0.0140625 0.034375
0 0.61328125 0.39765625 0.0171875 0.034375
0 0.57109375 0.39609375 0.0171875 0.025
0 0.12578125 0.38359375 0.0140625 0.0296875
0 0.40234375 0.3953125 0.0140625 0.0390625
0 0.51875 0.40078125 0.01875 0.0359375
0 0.10703125 0.3859375 0.015625 0.028125
0 0.31015625 0.39453125 0.0171875 0.03125
0 0.24140625 0.3921875 0.01875 0.0359375
0 0.18046875 0.3921875 0.015625 0.034375
0 0.14765625 0.390625 0.015625 0.0359375
0 0.325 0.396875 0.0171875 0.0375
0 0.2125 0.39453125 0.01875 0.0421875
0 0.225 0.396875 0.015625 0.0390625
0 0.1984375 0.3953125 0.0171875 0.0390625
0 0.2703125 0.4 0.0171875 0.0328125
0 0.3375 0.40390625 0.0140625 0.0375
0 0.590625 0.4125 0.0203125 0.034375
0 0.634375 0.415625 0.0140625 0.0328125
0 0.625 0.415625 0.0140625 0.0375
0 0.578125 0.41484375 0.015625 0.0359375
0 0.4375 0.41015625 0.0171875 0.040625
0 0.546875 0.415625 0.0171875 0.046875
0 0.6953125 0.42265625 0.021875 0.0421875
0 0.490625 0.415625 0.021875 0.040625
0 0.159375 0.40546875 0.01875 0.0390625
0 0.4203125 0.4140625 0.015625 0.0421875
0 0.384375 0.41796875 0.0203125 0.0453125
0 0.36875 0.4171875 0.0140625 0.0390625
0 0.28125 0.415625 0.01875 0.0421875
0 0.396875 0.41953125 0.0171875 0.0375
0 0.56640625 0.42578125 0.021875 0.0421875
0 0.0109375 0.40625 0.0171875 0.025
0 0.034375 0.40859375 0.0234375 0.0453125
0 0.1875 0.4140625 0.021875 0.0296875
0 0.1296875 0.41484375 0.015625 0.040625
0 0.35390625 0.42265625 0.0234375 0.0453125
0 0.61484375 0.43359375 0.015625 0.04375
0 0.11015625 0.41640625 0.0234375 0.0484375
0 0.29609375 0.42265625 0.0203125 0.0375
0 0.31171875 0.4265625 0.01875 0.0453125
0 0.25078125 0.42578125 0.0171875 0.034375
0 0.60546875 0.43828125 0.01875 0.0421875
0 0.46328125 0.4359375 0.015625 0.046875
0 0.45078125 0.4359375 0.0171875 0.046875
0 0.26640625 0.4328125 0.0171875 0.046875
0 0.23828125 0.4328125 0.01875 0.0328125
0 0.06640625 0.43203125 0.025 0.0515625
0 0.04921875 0.4328125 0.021875 0.05625
0 0.3890625 0.44765625 0.015625 0.040625
0 0.8796875 0.46484375 0.0296875 0.046875
0 0.253125 0.44296875 0.0140625 0.0265625
0 0.1875 0.4421875 0.021875 0.046875
0 0.1625 0.44296875 0.0203125 0.0375
0 0.1734375 0.44296875 0.015625 0.0484375
0 0.79375 0.46640625 0.025 0.05625
0 0.009375 0.4390625 0.0171875 0.05
0 0.915625 0.47109375 0.0234375 0.0453125
0 0.0859375 0.44296875 0.01875 0.0484375
0 0.3453125 0.45234375 0.0203125 0.040625
0 0.321875 0.4546875 0.0203125 0.025
0 0.6015625 0.465625 0.0203125 0.046875
0 0.6453125 0.4671875 0.03125 0.05625
0 0.87265625 0.47734375 0.0203125 0.0234375
0 0.1234375 0.45234375 0.015625 0.05
0 0.37734375 0.46484375 0.025 0.0578125
0 0.77734375 0.478125 0.0203125 0.0359375
0 0.13359375 0.4609375 0.021875 0.0515625
0 0.10859375 0.4609375 0.0234375 0.0546875
0 0.32734375 0.46875 0.025 0.034375
0 0.14765625 0.4640625 0.0140625 0.065625
0 0.21796875 0.46640625 0.0234375 0.059375
0 0.16171875 0.46640625 0.021875 0.059375
0 0.87109375 0.49140625 0.0203125 0.0296875
0 0.68359375 0.484375 0.021875 0.0359375
0 0.89609375 0.4921875 0.021875 0.025
0 0.34453125 0.47421875 0.0203125 0.059375
0 0.9171875 0.49765625 0.0203125 0.0390625
0 0.24609375 0.47421875 0.015625 0.0390625
0 0.8484375 0.496875 0.01875 0.0578125
0 0.51171875 0.48515625 0.025 0.0609375
0 0.56484375 0.48984375 0.025 0.06875
0 0.19765625 0.478125 0.021875 0.0640625
0 0.48203125 0.48828125 0.0171875 0.0578125
0 0.46796875 0.48828125 0.01875 0.0671875
0 0.775 0.5 0.0234375 0.04375
0 0.23359375 0.48125 0.0203125 0.0578125
0 0.06015625 0.475 0.025 0.0609375
0 0.2640625 0.48671875 0.0265625 0.0609375
0 0.896875 0.5109375 0.0265625 0.03125
0 0.8765625 0.51328125 0.025 0.05
0 0.8390625 0.51484375 0.0234375 0.0625
0 0.6546875 0.50859375 0.021875 0.059375
0 0.3203125 0.496875 0.0265625 0.0640625
0 0.3921875 0.50234375 0.03125 0.0734375
0 0.4953125 0.50625 0.0234375 0.065625
0 0.52578125 0.51171875 0.021875 0.059375
0 0.81171875 0.5234375 0.021875 0.0375
0 0.71328125 0.521875 0.0203125 0.059375
0 0.68359375 0.5203125 0.0296875 0.06875
0 0.86796875 0.5296875 0.0265625 0.0578125
0 0.91171875 0.53125 0.021875 0.046875
0 0.89453125 0.534375 0.0171875 0.0484375
0 0.24765625 0.51328125 0.03125 0.065625
0 0.71953125 0.5296875 0.0234375 0.071875
0 0.63515625 0.5265625 0.0328125 0.0734375
0 0.77265625 0.534375 0.025 0.0640625
0 0.75390625 0.53671875 0.021875 0.065625
0 0.44140625 0.52890625 0.025 0.0640625
0 0.16640625 0.52578125 0.0265625 0.0640625
0 0.9765625 0.55546875 0.028125 0.0765625
0 0.9609375 0.56015625 0.025 0.08125
0 0.3765625 0.54296875 0.0484375 0.084375
0 0.565625 0.54921875 0.028125 0.0734375
0 0.8109375 0.559375 0.034375 0.075
0 0.87265625 0.56640625 0.0328125 0.0765625
0 0.51796875 0.55703125 0.0375 0.0703125
0 0.94609375 0.571875 0.025 0.075
0 0.93046875 0.57265625 0.03125 0.0703125
0 0.41640625 0.5546875 0.0296875 0.0890625
0 0.87421875 0.57734375 0.04375 0.0796875
0 0.98203125 0.5828125 0.0328125 0.084375
0 0.903125 0.5921875 0.0359375 0.0828125
0 0.4453125 0.578125 0.025 0.084375
0 0.078125 0.57265625 0.0328125 0.0796875
0 0.0359375 0.58203125 0.03125 0.090625
0 0.21171875 0.59765625 0.0328125 0.0875
0 0.24296875 0.60234375 0.028125 0.0921875
0 0.04765625 0.6109375 0.0296875 0.096875
0 0.18046875 0.615625 0.0484375 0.1
0 0.06796875 0.61484375 0.028125 0.09375
0 0.92421875 0.65703125 0.040625 0.1109375
0 0.5109375 0.64296875 0.0296875 0.1046875
0 0.4765625 0.64296875 0.0359375 0.0890625
0 0.55234375 0.65625 0.0375 0.1078125
0 0.34609375 0.65859375 0.0640625 0.1171875
0 0.24609375 0.69453125 0.04375 0.1171875
0 0.20234375 0.69453125 0.04375 0.11875
0 0.9671875 0.73046875 0.04375 0.1125
0 0.3609375 0.7109375 0.0484375 0.1046875
0 0.2875 0.71171875 0.046875 0.1171875
0 0.4171875 0.71875 0.05 0.11875
0 0.54375 0.721875 0.0375 0.1234375
0 0.46875 0.72265625 0.0421875 0.1171875
0 0.15 0.71484375 0.04375 0.1109375
0 0.728125 0.7375 0.05 0.1046875
0 0.009375 0.71015625 0.01875 0.1078125
0 0.103125 0.7203125 0.0515625 0.096875
0 0.78203125 0.75390625 0.0453125 0.0765625
0 0.04765625 0.7390625 0.046875 0.0546875
0 0.3265625 0.75625 0.053125 0.0390625
0 0.371875 0.759375 0.0484375 0.0375