0 0.77265625 0.415625 0.059375 0.0921875
0 0.8796875 0.4 0.05625 0.0953125
0 0.57734375 0.459375 0.0578125 0.1171875
0 0.5375 0.475 0.0484375 0.1125
0 0.03125 0.56875 0.0625 0.1625
0 0.3703125 0.521875 0.08125 0.1859375
0 0.3203125 0.53359375 0.096875 0.20625
0 0.60859375 0.4875 0.0515625 0.1265625
0 0.64609375 0.49140625 0.0828125 0.1921875
0 0.1875 0.5671875 0.078125 0.1796875
0 0.02109375 0.603125 0.0421875 0.221875
0 0.96328125 0.4546875 0.0734375 0.1875
0 0.4125 0.5484375 0.13125 0.2265625
0 0.8265625 0.4828125 0.1125 0.2359375
0 0.25234375 0.59609375 0.121875 0.2515625
0 0.10078125 0.628125 0.140625 0.3375
0 0.71953125 0.53828125 0.1296875 0.2890625
0 0.9109375 0.5171875 0.14375 0.2796875
0 0.528125 0.63671875 0.1984375 0.396875