0 0.3921875 0.5140625 0.0125 0.040625
0 0.4890625 0.515625 0.025 0.096875
0 0.5265625 0.5171875 0.040625 0.115625
0 0.284375 0.51875 0.040625 0.1234375
0 0.38125 0.51875 0.0140625 0.0375
0 0.2265625 0.521875 0.1609375 0.2859375
0 0.3671875 0.521875 0.01875 0.040625
0 0.078125 0.5234375 0.11875 0.31875
0 0.321875 0.525 0.05 0.115625
0 0.41875 0.525 0.0546875 0.10625
0 0.840625 0.5296875 0.046875 0.115625
0 0.7109375 0.534375 0.0296875 0.090625
0 0.76875 0.5359375 0.0921875 0.2703125
0 0.8671875 0.5359375 0.025 0.090625
0 0.128125 0.540625 0.05 0.0828125
0 0.95 0.5421875 0.1 0.2921875