0 0.1390625 0.43125 0.1 0.1765625
0 0.5625 0.52734375 0.06875 0.1671875
0 0.434375 0.51015625 0.134375 0.315625
0 0.7015625 0.56640625 0.109375 0.234375
0 0.3625 0.49921875 0.1546875 0.253125
0 0.26171875 0.4796875 0.1609375 0.325
0 0.09921875 0.4453125 0.1078125 0.2359375
0 0.30390625 0.4921875 0.096875 0.2578125
0 0.48828125 0.5328125 0.209375 0.3578125
0 0.178125 0.46640625 0.11875 0.2265625
0 0.59375 0.56171875 0.1109375 0.2640625
0 0.65625 0.575 0.1484375 0.25
0 0.8078125 0.61640625 0.1828125 0.4296875
0 0.90234375 0.63828125 0.1953125 0.4203125
0 0.07109375 0.45703125 0.1421875 0.2859375
0 0.20625 0.49375 0.0640625 0.171875