0 0.9828125 0.5125 0.0296875 0.065625
0 0.7328125 0.540625 0.046875 0.1578125
0 0.50703125 0.5640625 0.075 0.2765625
0 0.46171875 0.56875 0.0671875 0.246875
0 0.15859375 0.56796875 0.1703125 0.4046875
0 0.5609375 0.59140625 0.128125 0.325
0 0.25625 0.58203125 0.08125 0.275
0 0.7734375 0.6 0.0984375 0.2484375
0 0.98125 0.609375 0.0375 0.321875
0 0.66171875 0.60390625 0.10625 0.3125
0 0.925 0.63359375 0.0640625 0.3015625
0 0.41796875 0.609375 0.1046875 0.3375
0 0.871875 0.63515625 0.11875 0.321875