0 0.1140625 0.6015625 0.1453125 0.20625
0 0.4296875 0.68515625 0.15625 0.2359375
0 0.38203125 0.6765625 0.096875 0.1984375
0 0.78359375 0.778125 0.0953125 0.2078125
0 0.3234375 0.665625 0.1109375 0.184375
0 0.49453125 0.709375 0.10625 0.1796875
0 0.646875 0.74921875 0.0859375 0.1828125
0 0.2484375 0.65 0.1 0.2046875
0 0.21484375 0.64296875 0.121875 0.20625
0 0.7078125 0.765625 0.1390625 0.2265625
0 0.57734375 0.73359375 0.1375 0.209375
0 0.0203125 0.5890625 0.040625 0.2
0 0.66171875 0.75625 0.1296875 0.215625
0 0.8328125 0.8 0.1296875 0.209375
0 0.109375 0.6203125 0.1375 0.2078125
0 0.90546875 0.81875 0.1046875 0.20625
0 0.73515625 0.77578125 0.1453125 0.2375
0 0.04375 0.603125 0.0875 0.2125
0 0.8 0.7953125 0.09375 0.1796875
0 0.46640625 0.7125 0.1375 0.209375
0 0.2671875 0.6640625 0.146875 0.1890625
0 0.53046875 0.73125 0.1046875 0.1890625
0 0.159375 0.6390625 0.14375 0.209375
0 0.88046875 0.828125 0.1453125 0.2078125