0 0.50234375 0.378125 0.0953125 0.146875
0 0.68828125 0.425 0.0671875 0.215625
0 0.79921875 0.43046875 0.0734375 0.2078125
0 0.75703125 0.43828125 0.06875 0.1921875
0 0.34140625 0.42421875 0.0328125 0.153125
0 0.38203125 0.43046875 0.0484375 0.1421875
0 0.13359375 0.434375 0.0953125 0.2859375
0 0.3109375 0.45625 0.0640625 0.253125
0 0.12890625 0.46015625 0.1078125 0.2734375
0 0.44296875 0.48046875 0.13125 0.284375
0 0.6828125 0.5015625 0.0890625 0.2828125
0 0.284375 0.4890625 0.084375 0.2859375
0 0.04921875 0.48203125 0.0984375 0.3140625
0 0.45546875 0.5140625 0.0984375 0.2640625
0 0.22890625 0.509375 0.134375 0.3640625
0 0.63203125 0.559375 0.1203125 0.4140625
0 0.49765625 0.5640625 0.0921875 0.3265625
0 0.859375 0.590625 0.134375 0.3671875
0 0.9421875 0.615625 0.115625 0.359375