0 0.39921875 0.49765625 0.0234375 0.04375
0 0.49375 0.52421875 0.0484375 0.103125
0 0.53203125 0.53359375 0.0703125 0.125
0 0.2890625 0.475 0.071875 0.1328125
0 0.3859375 0.49921875 0.025 0.040625
0 0.23046875 0.46328125 0.2328125 0.3265625
0 0.37109375 0.5 0.028125 0.0453125
0 0.08984375 0.428125 0.1796875 0.35
0 0.325 0.490625 0.078125 0.128125
0 0.421875 0.515625 0.08125 0.1203125
0 0.84453125 0.62421875 0.075 0.1265625
0 0.7125 0.596875 0.053125 0.0984375
0 0.76953125 0.6125 0.159375 0.2921875
0 0.86796875 0.63828125 0.0484375 0.0953125
0 0.12734375 0.45859375 0.0703125 0.0953125
0 0.93125 0.66171875 0.1375 0.3109375