0 0.58359375 0.6921875 0.0890625 0.1515625
0 0.63203125 0.70546875 0.0609375 0.128125
0 0.7609375 0.759375 0.096875 0.2
0 0.14921875 0.63046875 0.1375 0.2421875
0 0.50625 0.71640625 0.10625 0.209375
0 0.64765625 0.75703125 0.1203125 0.259375
0 0.8921875 0.81484375 0.109375 0.2125
0 0.0625 0.62421875 0.125 0.2734375
0 0.0265625 0.628125 0.053125 0.284375
0 0.21640625 0.6796875 0.1328125 0.2859375
0 0.92421875 0.8515625 0.0703125 0.2515625
0 0.6921875 0.82265625 0.1875 0.3546875
0 0.82578125 0.846875 0.2078125 0.30625