0 0.653125 0.49453125 0.0171875 0.046875
0 0.54375 0.49375 0.03125 0.1109375
0 0.5015625 0.4921875 0.05 0.1328125
0 0.7765625 0.5046875 0.0515625 0.140625
0 0.6671875 0.50078125 0.0171875 0.0421875
0 0.8421875 0.51015625 0.19375 0.3296875
0 0.6828125 0.5046875 0.021875 0.0453125
0 0.96875 0.515625 0.0625 0.3625
0 0.7328125 0.509375 0.0625 0.1328125
0 0.6234375 0.5078125 0.065625 0.121875
0 0.1453125 0.49375 0.059375 0.13125
0 0.2921875 0.50546875 0.0375 0.1046875
0 0.2265625 0.5046875 0.115625 0.309375
0 0.115625 0.50234375 0.03125 0.103125
0 0.95234375 0.5359375 0.059375 0.0953125
0 0.04140625 0.5046875 0.0828125 0.334375