0 0.50703125 0.56015625 0.1078125 0.31875
0 0.884375 0.60859375 0.1015625 0.403125
0 0.10078125 0.56015625 0.103125 0.409375
0 0.28984375 0.5953125 0.134375 0.434375
0 0.20078125 0.5875 0.2671875 0.4671875
0 0.81015625 0.634375 0.1546875 0.45
0 0.05859375 0.58046875 0.1171875 0.4484375
0 0.73046875 0.63203125 0.15625 0.44375
0 0.95859375 0.64921875 0.0828125 0.4328125
0 0.63046875 0.628125 0.2703125 0.44375
0 0.04296875 0.58828125 0.0859375 0.4265625
0 0.44765625 0.621875 0.128125 0.4234375
0 0.38828125 0.61875 0.190625 0.425
0 0.91953125 0.6625 0.121875 0.40625