0 0.1953125 0.4546875 0.0296875 0.0765625
0 0.2171875 0.46015625 0.028125 0.0796875
0 0.23984375 0.478125 0.046875 0.115625
0 0.49140625 0.4796875 0.01875 0.0609375
0 0.51328125 0.48203125 0.025 0.0703125
0 0.6078125 0.49296875 0.0515625 0.1328125
0 0.553125 0.5078125 0.0609375 0.165625
0 0.8390625 0.5015625 0.321875 0.546875
0 0.065625 0.55859375 0.084375 0.2875
0 0.021875 0.5671875 0.04375 0.34375
0 0.44453125 0.56640625 0.125 0.3421875
0 0.64453125 0.5625 0.1109375 0.309375
0 0.30703125 0.58046875 0.1421875 0.3625
0 0.1265625 0.60078125 0.1609375 0.39375