0 0.12109375 0.57421875 0.0921875 0.1875
0 0.59765625 0.53046875 0.059375 0.1828125
0 0.45703125 0.55625 0.1125 0.3421875
0 0.75546875 0.525 0.0953125 0.2546875
0 0.378125 0.56953125 0.1453125 0.26875
0 0.265625 0.584375 0.14375 0.3515625
0 0.08515625 0.603125 0.0921875 0.25625
0 0.315625 0.58046875 0.0796875 0.2828125
0 0.5203125 0.5609375 0.19375 0.3828125
0 0.17578125 0.5984375 0.10625 0.24375
0 0.640625 0.5546875 0.09375 0.2875
0 0.7109375 0.5484375 0.1375 0.26875
0 0.87890625 0.51640625 0.15 0.421875
0 0.95078125 0.51328125 0.0984375 0.4078125
0 0.0625 0.62734375 0.125 0.3015625
0 0.2125 0.61640625 0.0515625 0.1890625