0 0.496875 0.6515625 0.0515625 0.0953125
0 0.4140625 0.653125 0.059375 0.096875
0 0.5421875 0.653125 0.03125 0.10625
0 0.440625 0.6546875 0.0359375 0.09375
0 0.5640625 0.6546875 0.028125 0.0890625
0 0.6265625 0.6546875 0.028125 0.1
0 0.678125 0.6578125 0.0515625 0.1015625
0 0.4640625 0.6578125 0.0359375 0.1078125
0 0.328125 0.659375 0.04375 0.1046875
0 0.7359375 0.659375 0.0625 0.1078125
0 0.2265625 0.6609375 0.0328125 0.0828125
0 0.1984375 0.6625 0.04375 0.1078125
0 0.14375 0.6640625 0.0640625 0.11875
0 0.0140625 0.665625 0.0265625 0.1078125
0 0.06875 0.66875 0.0515625 0.084375
0 0.0984375 0.66875 0.0671875 0.0984375