0 0.8609375 0.509375 0.065625 0.1625
0 0.434375 0.515625 0.0359375 0.1609375
0 0.5609375 0.525 0.0703125 0.3
0 0.29375 0.525 0.0625 0.221875
0 0.63125 0.528125 0.10625 0.23125
0 0.7328125 0.53125 0.0953125 0.3046875
0 0.8953125 0.53125 0.059375 0.2234375
0 0.690625 0.5328125 0.0453125 0.25
0 0.5046875 0.534375 0.1390625 0.3296875
0 0.815625 0.5359375 0.075 0.2109375
0 0.3984375 0.540625 0.0578125 0.253125
0 0.334375 0.540625 0.0984375 0.2296875
0 0.1828125 0.55 0.096875 0.4109375
0 0.071875 0.5515625 0.14375 0.39375
0 0.9359375 0.5515625 0.1203125 0.2625
0 0.784375 0.55625 0.0296875 0.165625