0 0.4953125 0.578125 0.075 0.275
0 0.1640625 0.5984375 0.0640625 0.35
0 0.8515625 0.6046875 0.065625 0.3546875
0 0.684375 0.6234375 0.090625 0.375
0 0.7625 0.628125 0.2078125 0.4109375
0 0.2265625 0.63125 0.109375 0.4015625
0 0.8984375 0.6328125 0.096875 0.4015625
0 0.296875 0.6359375 0.1109375 0.396875
0 0.059375 0.6375 0.11875 0.3921875
0 0.384375 0.6390625 0.2109375 0.390625
0 0.9375 0.640625 0.125 0.3859375
0 0.54375 0.64375 0.0875 0.3796875
0 0.5953125 0.64375 0.1421875 0.3765625
0 0.128125 0.646875 0.0828125 0.3578125