0 0.1421875 0.2984375 0.028125 0.046875
0 0.103125 0.3 0.025 0.059375
0 0.4328125 0.3015625 0.0140625 0.0421875
0 0.0140625 0.3046875 0.025 0.0640625
0 0.0375 0.3046875 0.03125 0.0578125
0 0.2765625 0.3078125 0.01875 0.0609375
0 0.5015625 0.3078125 0.0234375 0.0640625
0 0.2578125 0.309375 0.01875 0.0625
0 0.5171875 0.3109375 0.015625 0.05
0 0.5921875 0.3609375 0.0859375 0.2078125
0 0.91875 0.45625 0.1359375 0.484375
0 0.878125 0.4796875 0.15625 0.5265625
0 0.3609375 0.5 0.175 0.5984375
0 0.7125 0.5046875 0.175 0.5875