0 0.5234375 0.5859375 0.1359375 0.296875
0 0.8671875 0.53515625 0.1421875 0.3703125
0 0.16640625 0.6890625 0.14375 0.3765625
0 0.340625 0.67265625 0.175 0.4015625
0 0.259375 0.68359375 0.2953125 0.4421875
0 0.80625 0.57265625 0.19375 0.4140625
0 0.12265625 0.7171875 0.18125 0.409375
0 0.73671875 0.590625 0.1953125 0.4078125
0 0.93828125 0.5421875 0.1234375 0.4
0 0.646875 0.6125 0.29375 0.421875
0 0.09453125 0.7328125 0.184375 0.39375
0 0.484375 0.6515625 0.16875 0.3859375
0 0.4328125 0.66484375 0.221875 0.3953125
0 0.9109375 0.57109375 0.1578125 0.3671875