0 0.47734375 0.5734375 0.0140625 0.025
0 0.6359375 0.6046875 0.021875 0.0359375
0 0.459375 0.571875 0.01875 0.034375
0 0.75078125 0.628125 0.0328125 0.0578125
0 0.43515625 0.5703125 0.0234375 0.0421875
0 0.52109375 0.58984375 0.025 0.05
0 0.4 0.57109375 0.034375 0.05625
0 0.07890625 0.51171875 0.0390625 0.0609375
0 0.965625 0.6921875 0.0359375 0.1203125
0 0.3578125 0.57578125 0.0515625 0.0875
0 0.2515625 0.56796875 0.08125 0.1265625
0 0.0421875 0.52890625 0.046875 0.1171875
0 0.7953125 0.6765625 0.1109375 0.190625
0 0.58203125 0.64140625 0.103125 0.1953125
0 0.66328125 0.659375 0.08125 0.1890625
0 0.70546875 0.6703125 0.078125 0.171875
0 0.01015625 0.5359375 0.0203125 0.134375