0 0.18125 0.6703125 0.109375 0.1828125
0 0.48515625 0.69453125 0.1140625 0.2109375
0 0.4390625 0.69609375 0.0609375 0.1828125
0 0.82578125 0.7234375 0.05625 0.19375
0 0.3828125 0.6953125 0.078125 0.165625
0 0.55 0.70703125 0.075 0.1640625
0 0.69609375 0.71875 0.0515625 0.1703125
0 0.3109375 0.6921875 0.0625 0.1890625
0 0.2796875 0.69140625 0.084375 0.1859375
0 0.75390625 0.72421875 0.1 0.203125
0 0.62890625 0.715625 0.1 0.1859375
0 0.05234375 0.67734375 0.0875 0.184375
0 0.71015625 0.72265625 0.090625 0.19375
0 0.875 0.7359375 0.0921875 0.1859375
0 0.178125 0.6875 0.1 0.184375
0 0.9453125 0.74140625 0.065625 0.1890625
0 0.78125 0.7296875 0.1015625 0.2140625
0 0.10625 0.68359375 0.0671875 0.1953125
0 0.84375 0.73671875 0.0609375 0.1640625
0 0.52265625 0.71484375 0.1 0.1859375
0 0.0046875 0.6796875 0.009375 0.18125
0 0.33046875 0.703125 0.1140625 0.1640625
0 0.003125 0.67890625 0.00625 0.1671875
0 0.584375 0.721875 0.0703125 0.1703125
0 0.228125 0.696875 0.10625 0.184375
0 0.0203125 0.68671875 0.040625 0.1765625
0 0.92578125 0.75546875 0.1125 0.184375