0 0.5109375 0.38125 0.0875 0.140625
0 0.6921875 0.4203125 0.0578125 0.20625
0 0.8 0.421875 0.0625 0.2
0 0.759375 0.4296875 0.059375 0.184375
0 0.35625 0.4296875 0.0265625 0.146875
0 0.3953125 0.4359375 0.04375 0.1359375
0 0.1546875 0.446875 0.0828125 0.275
0 0.328125 0.4625 0.053125 0.24375
0 0.1515625 0.4734375 0.0953125 0.2625
0 0.45625 0.4828125 0.11875 0.271875
0 0.6890625 0.49375 0.078125 0.2703125
0 0.303125 0.496875 0.071875 0.275
0 0.0671875 0.496875 0.1 0.3
0 0.46875 0.5140625 0.0875 0.253125
0 0.25 0.5171875 0.11875 0.3484375
0 0.6421875 0.5515625 0.103125 0.396875
0 0.5125 0.5609375 0.0796875 0.3125
0 0.8640625 0.575 0.11875 0.3515625
0 0.946875 0.5953125 0.10625 0.34375