0 0.1828125 0.27578125 0.0359375 0.0515625
0 0.14375 0.2703125 0.034375 0.0625
0 0.46640625 0.32890625 0.021875 0.04375
0 0.05703125 0.26015625 0.0359375 0.0671875
0 0.0796875 0.2640625 0.040625 0.0625
0 0.31328125 0.30703125 0.0296875 0.0625
0 0.53359375 0.346875 0.0328125 0.0671875
0 0.29453125 0.30703125 0.0296875 0.0640625
0 0.5484375 0.353125 0.0234375 0.0515625
0 0.61328125 0.415625 0.1203125 0.2203125
0 0.90390625 0.565625 0.1921875 0.496875
0 0.87109375 0.5796875 0.24375 0.5421875
0 0.36640625 0.4859375 0.2734375 0.6015625
0 0.70859375 0.56015625 0.26875 0.5734375