0 0.3890625 0.653125 0.0171875 0.028125
0 0.48046875 0.67265625 0.0265625 0.0625
0 0.253125 0.64296875 0.0328125 0.053125
0 0.26796875 0.6484375 0.021875 0.046875
0 0.60546875 0.71171875 0.0453125 0.0921875
0 0.21875 0.65 0.0375 0.078125
0 0.85078125 0.7609375 0.0390625 0.121875
0 0.86796875 0.7640625 0.046875 0.13125
0 0.3640625 0.690625 0.0609375 0.121875
0 0.0515625 0.64375 0.05 0.125
0 0.553125 0.725 0.059375 0.1515625
0 0.30703125 0.6875 0.053125 0.1265625
0 0.16328125 0.66640625 0.0453125 0.13125
0 0.5 0.72109375 0.0578125 0.1453125
0 0.140625 0.66953125 0.0640625 0.1484375
0 0.3390625 0.70859375 0.05625 0.096875
0 0.3953125 0.71953125 0.05 0.075
0 0.66875 0.7546875 0.0921875 0.1890625
0 0.00859375 0.653125 0.0171875 0.171875
0 0.6265625 0.7703125 0.096875 0.1484375