0 0.9828125 0.5140625 0.025 0.08125
0 0.753125 0.5140625 0.0140625 0.0578125
0 0.7875 0.5171875 0.0171875 0.059375
0 0.771875 0.5171875 0.0203125 0.0625
0 0.3390625 0.5203125 0.0203125 0.0453125
0 0.9359375 0.521875 0.0265625 0.096875
0 0.7359375 0.521875 0.028125 0.0765625
0 0.9078125 0.521875 0.0203125 0.0984375
0 0.3125 0.5234375 0.025 0.05
0 0.3578125 0.5234375 0.01875 0.0640625
0 0.903125 0.525 0.034375 0.10625
0 0.4296875 0.525 0.0203125 0.059375
0 0.25625 0.5296875 0.0203125 0.0625
0 0.39375 0.5296875 0.025 0.0796875
0 0.8359375 0.5328125 0.0375 0.1546875
0 0.6921875 0.5421875 0.0390625 0.1390625
0 0.6515625 0.54375 0.0453125 0.134375
0 0.875 0.546875 0.10625 0.203125
0 0.0484375 0.565625 0.0921875 0.2890625
0 0.5046875 0.5671875 0.103125 0.3140625
0 0.1265625 0.5703125 0.1515625 0.33125