0 0.484375 0.5796875 0.0140625 0.025
0 0.3203125 0.55390625 0.0203125 0.034375
0 0.50234375 0.584375 0.01875 0.0359375
0 0.2015625 0.53671875 0.03125 0.059375
0 0.528125 0.59140625 0.0234375 0.04375
0 0.43828125 0.58046875 0.025 0.05
0 0.5609375 0.6046875 0.034375 0.0578125
0 0.8921875 0.66015625 0.0375 0.0609375
0 0.60078125 0.625 0.05 0.090625
0 0.70625 0.6546875 0.0796875 0.128125
0 0.92265625 0.690625 0.04375 0.1203125
0 0.14140625 0.56796875 0.109375 0.1953125
0 0.36015625 0.6046875 0.1 0.190625
0 0.275 0.5921875 0.075 0.1828125
0 0.23046875 0.5921875 0.0734375 0.171875
0 0.9609375 0.7140625 0.040625 0.1359375