0 0.784375 0.465625 0.0453125 0.0828125
0 0.8890625 0.4671875 0.040625 0.0859375
0 0.5921875 0.478125 0.0390625 0.1078125
0 0.5515625 0.4859375 0.0296875 0.1046875
0 0.0546875 0.5 0.040625 0.1515625
0 0.3859375 0.50625 0.0515625 0.1734375
0 0.334375 0.509375 0.065625 0.190625
0 0.6171875 0.509375 0.03125 0.11875
0 0.6515625 0.51875 0.053125 0.1796875
0 0.2046875 0.521875 0.05 0.1671875
0 0.025 0.53125 0.040625 0.2140625
0 0.96875 0.534375 0.0625 0.175
0 0.4203125 0.5390625 0.0953125 0.20625
0 0.825 0.5390625 0.0765625 0.21875
0 0.2609375 0.559375 0.0828125 0.2328125
0 0.1109375 0.5671875 0.0875 0.3140625
0 0.7140625 0.5734375 0.084375 0.26875
0 0.9 0.584375 0.1 0.2578125
0 0.5171875 0.640625 0.134375 0.365625