0 0.8609375 0.5828125 0.0203125 0.040625
0 0.4953125 0.5828125 0.071875 0.1703125
0 0.0046875 0.58046875 0.009375 0.1140625
0 0.084375 0.58671875 0.0359375 0.1125
0 0.0328125 0.590625 0.0515625 0.134375
0 0.3203125 0.6 0.0421875 0.09375
0 0.64765625 0.62578125 0.059375 0.2375
0 0.91328125 0.63671875 0.06875 0.26875
0 0.75703125 0.6421875 0.0734375 0.2375
0 0.13046875 0.6359375 0.134375 0.3171875
0 0.5890625 0.6609375 0.1234375 0.2828125
0 0.8125 0.66640625 0.1546875 0.28125
0 0.4234375 0.6625 0.165625 0.2765625