0 0.01015625 0.4296875 0.0203125 0.084375
0 0.2328125 0.4671875 0.0234375 0.0609375
0 0.19921875 0.46328125 0.0265625 0.0625
0 0.2140625 0.465625 0.0296875 0.0671875
0 0.65390625 0.53828125 0.028125 0.05
0 0.046875 0.44375 0.0421875 0.1015625
0 0.24921875 0.47578125 0.040625 0.0828125
0 0.0765625 0.4484375 0.0375 0.1015625
0 0.6796875 0.54609375 0.034375 0.0546875
0 0.6328125 0.53828125 0.028125 0.0671875
0 0.08046875 0.45234375 0.053125 0.1140625
0 0.56015625 0.52890625 0.03125 0.0640625
0 0.73515625 0.5625 0.0296875 0.06875
0 0.59609375 0.540625 0.0390625 0.0859375
0 0.146875 0.47265625 0.0625 0.1625
0 0.290625 0.5046875 0.0609375 0.146875
0 0.33203125 0.51328125 0.0671875 0.14375
0 0.10625 0.48046875 0.140625 0.221875
0 0.934375 0.63046875 0.13125 0.3078125
0 0.4765625 0.559375 0.153125 0.334375
0 0.86015625 0.6234375 0.2078125 0.3609375