0 0.5078125 0.4328125 0.021875 0.0578125
0 0.5515625 0.4390625 0.040625 0.09375
0 0.3875 0.4453125 0.0328125 0.0828125
0 0.465625 0.4578125 0.0421875 0.1515625
0 0.3515625 0.4734375 0.03125 0.125
0 0.1796875 0.4765625 0.034375 0.1484375
0 0.6640625 0.4765625 0.04375 0.1625
0 0.6921875 0.4796875 0.0703125 0.20625
0 0.9578125 0.4859375 0.0625 0.1875
0 0.43125 0.490625 0.0640625 0.2390625
0 0.215625 0.4921875 0.0546875 0.2109375
0 0.6109375 0.4953125 0.090625 0.2328125
0 0.8046875 0.496875 0.078125 0.1890625
0 0.85625 0.5015625 0.0609375 0.1859375
0 0.31875 0.503125 0.0734375 0.234375
0 0.7515625 0.5078125 0.059375 0.1640625
0 0.528125 0.528125 0.0609375 0.21875
0 0.2421875 0.5453125 0.0921875 0.2953125
0 0.109375 0.5859375 0.134375 0.3796875