0 0.1359375 0.353125 0.025 0.040625
0 0.103125 0.3546875 0.021875 0.053125
0 0.39375 0.35625 0.0125 0.0375
0 0.0234375 0.3578125 0.021875 0.05625
0 0.0453125 0.3578125 0.028125 0.0515625
0 0.25625 0.3609375 0.015625 0.053125
0 0.453125 0.3625 0.0203125 0.05625
0 0.2390625 0.3625 0.015625 0.0546875
0 0.46875 0.3640625 0.0140625 0.04375
0 0.9109375 0.378125 0.0234375 0.059375
0 0.9828125 0.3875 0.0171875 0.065625
0 0.534375 0.4078125 0.0765625 0.184375
0 0.821875 0.4921875 0.1203125 0.428125
0 0.7859375 0.5125 0.1375 0.465625
0 0.3296875 0.525 0.1546875 0.5484375
0 0.640625 0.5375 0.1546875 0.5234375