0 0.015625 0.50859375 0.03125 0.0921875
0 0.265625 0.521875 0.01875 0.0640625
0 0.228125 0.5234375 0.021875 0.0671875
0 0.246875 0.52421875 0.025 0.0703125
0 0.72421875 0.55234375 0.025 0.053125
0 0.0640625 0.51953125 0.0359375 0.1078125
0 0.2859375 0.53125 0.0359375 0.0875
0 0.0953125 0.52109375 0.0296875 0.109375
0 0.75390625 0.55703125 0.03125 0.05625
0 0.70390625 0.5546875 0.0234375 0.0734375
0 0.1015625 0.52421875 0.0453125 0.11875
0 0.62265625 0.5515625 0.0265625 0.0671875
0 0.8140625 0.56796875 0.025 0.071875
0 0.6625 0.56015625 0.0328125 0.090625
0 0.17578125 0.5375 0.05 0.171875
0 0.3328125 0.55703125 0.05 0.1546875
0 0.3765625 0.5609375 0.059375 0.1515625
0 0.13125 0.55078125 0.128125 0.23125
0 0.5375 0.58359375 0.1296875 0.3296875
0 0.93125 0.6 0.1375 0.3375