0 0.05546875 0.5 0.0296875 0.0609375
0 0.28515625 0.5203125 0.046875 0.1453125
0 0.49296875 0.53984375 0.071875 0.2546875
0 0.53359375 0.54375 0.065625 0.228125
0 0.81171875 0.54140625 0.1609375 0.3796875
0 0.44375 0.565625 0.121875 0.3
0 0.721875 0.55234375 0.078125 0.253125
0 0.24921875 0.57734375 0.09375 0.228125
0 0.0390625 0.5890625 0.078125 0.296875
0 0.35078125 0.578125 0.1 0.2875
0 0.11171875 0.609375 0.0640625 0.2765625
0 0.5765625 0.58671875 0.103125 0.325
0 0.16015625 0.61171875 0.115625 0.2984375