0 0.4375 0.353125 0.0109375 0.0234375
0 0.8484375 0.3578125 0.0125 0.021875
0 0.5828125 0.36875 0.0125 0.028125
0 0.4296875 0.378125 0.0125 0.0296875
0 0.2390625 0.378125 0.0125 0.03125
0 0.6796875 0.3796875 0.009375 0.03125
0 0.296875 0.38125 0.015625 0.0296875
0 0.328125 0.384375 0.0109375 0.034375
0 0.315625 0.3859375 0.0125 0.0328125
0 0.4734375 0.3875 0.0109375 0.034375
0 0.78125 0.3890625 0.015625 0.025
0 0.3375 0.3890625 0.0125 0.034375
0 0.55 0.3890625 0.0125 0.0328125
0 0.49375 0.3921875 0.0125 0.0375
0 0.4359375 0.3921875 0.0125 0.0265625
0 0.4453125 0.39375 0.0125 0.03125
0 0.3734375 0.39375 0.0140625 0.03125
0 0.4125 0.39375 0.0140625 0.0234375
0 0.8171875 0.396875 0.0125 0.028125
0 0.565625 0.396875 0.0109375 0.0359375
0 0.459375 0.3984375 0.015625 0.0328125
0 0.834375 0.3984375 0.0125 0.025
0 0.65 0.4 0.0140625 0.028125
0 0.7125 0.4 0.015625 0.0328125
0 0.7671875 0.4015625 0.0125 0.03125
0 0.796875 0.403125 0.0125 0.0328125
0 0.634375 0.403125 0.0140625 0.034375
0 0.7375 0.403125 0.015625 0.0375
0 0.7265625 0.4046875 0.0125 0.034375
0 0.75 0.4046875 0.0140625 0.034375
0 0.684375 0.40625 0.0140625 0.03125
0 0.6234375 0.40625 0.0125 0.034375
0 0.3921875 0.4078125 0.015625 0.03125
0 0.353125 0.4078125 0.0125 0.03125
0 0.3609375 0.4078125 0.0125 0.034375
0 0.4046875 0.409375 0.0125 0.03125
0 0.53125 0.409375 0.0140625 0.0375
0 0.4328125 0.4109375 0.015625 0.04375
0 0.2984375 0.4125 0.01875 0.0390625
0 0.484375 0.4125 0.01875 0.0375
0 0.784375 0.4140625 0.015625 0.0359375
0 0.5484375 0.415625 0.0125 0.0390625
0 0.58125 0.41875 0.0171875 0.040625
0 0.59375 0.41875 0.0109375 0.0359375
0 0.675 0.41875 0.015625 0.0390625
0 0.5703125 0.4203125 0.015625 0.034375
0 0.4140625 0.4203125 0.01875 0.0390625
0 0.9234375 0.4203125 0.01875 0.021875
0 0.9 0.421875 0.0203125 0.040625
0 0.7609375 0.421875 0.01875 0.0265625
0 0.8125 0.4234375 0.0125 0.0375
0 0.6078125 0.4234375 0.0203125 0.040625
0 0.3703125 0.425 0.0125 0.040625
0 0.8296875 0.425 0.01875 0.04375
0 0.6609375 0.425 0.015625 0.034375
0 0.646875 0.428125 0.015625 0.040625
0 0.7015625 0.43125 0.015625 0.03125
0 0.378125 0.43125 0.015625 0.0375
0 0.5078125 0.4328125 0.0125 0.0421875
0 0.51875 0.4328125 0.0140625 0.04375
0 0.6875 0.4359375 0.0140625 0.0421875
0 0.7125 0.4375 0.015625 0.03125
0 0.86875 0.4421875 0.021875 0.046875
0 0.884375 0.4421875 0.01875 0.05
0 0.94375 0.44375 0.01875 0.04375
0 0.575 0.4453125 0.0125 0.0375
0 0.128125 0.446875 0.025 0.040625
0 0.7 0.446875 0.0125 0.025
0 0.759375 0.446875 0.01875 0.04375
0 0.78125 0.4484375 0.015625 0.034375
0 0.771875 0.4484375 0.0125 0.04375
0 0.20625 0.45 0.021875 0.05
0 0.925 0.45 0.021875 0.046875
0 0.0953125 0.45 0.01875 0.040625
0 0.8515625 0.4515625 0.015625 0.04375
0 0.615625 0.4515625 0.0171875 0.0375
0 0.6359375 0.4546875 0.0171875 0.0234375
0 0.38125 0.4546875 0.015625 0.04375
0 0.3421875 0.45625 0.0265625 0.05
0 0.134375 0.45625 0.015625 0.021875
0 0.9671875 0.45625 0.021875 0.0484375
0 0.8171875 0.459375 0.0125 0.046875
0 0.584375 0.4609375 0.021875 0.0515625
0 0.221875 0.4625 0.0171875 0.03125
0 0.984375 0.4640625 0.015625 0.0296875
0 0.80625 0.465625 0.01875 0.046875
0 0.8296875 0.4671875 0.0203125 0.05
0 0.63125 0.4671875 0.021875 0.03125
0 0.7953125 0.46875 0.0125 0.059375
0 0.7296875 0.46875 0.01875 0.053125
0 0.78125 0.4703125 0.01875 0.053125
0 0.134375 0.4703125 0.0171875 0.028125
0 0.30625 0.4703125 0.01875 0.03125
0 0.1125 0.4703125 0.01875 0.0234375
0 0.615625 0.471875 0.0171875 0.0546875
0 0.0921875 0.475 0.015625 0.0359375
0 0.7046875 0.475 0.0125 0.0359375
0 0.1546875 0.475 0.015625 0.053125
0 0.4625 0.4765625 0.021875 0.053125
0 0.4140625 0.478125 0.01875 0.0625
0 0.7484375 0.4796875 0.01875 0.059375
0 0.4890625 0.4796875 0.015625 0.053125
0 0.503125 0.48125 0.015625 0.0609375
0 0.221875 0.48125 0.01875 0.040625
0 0.715625 0.48125 0.0171875 0.053125
0 0.8734375 0.48125 0.021875 0.053125
0 0.9375 0.48125 0.01875 0.053125
0 0.6875 0.4859375 0.0234375 0.0546875
0 0.1109375 0.4875 0.0234375 0.0265625
0 0.9859375 0.4875 0.0171875 0.021875
0 0.1296875 0.4890625 0.021875 0.04375
0 0.1640625 0.4921875 0.01875 0.05625
0 0.33125 0.49375 0.01875 0.0546875
0 0.6359375 0.49375 0.021875 0.05625
0 0.571875 0.4953125 0.025 0.065625
0 0.478125 0.496875 0.0203125 0.059375
0 0.4484375 0.5 0.01875 0.053125
0 0.1875 0.5015625 0.01875 0.034375
0 0.278125 0.503125 0.015625 0.0546875
0 0.3046875 0.503125 0.025 0.0609375
0 0.1359375 0.5046875 0.021875 0.05
0 0.096875 0.50625 0.01875 0.0421875
0 0.1125 0.5078125 0.0140625 0.04375
0 0.703125 0.509375 0.0265625 0.0578125
0 0.271875 0.509375 0.01875 0.065625
0 0.35 0.509375 0.0265625 0.065625
0 0.9671875 0.5125 0.021875 0.071875
0 0.225 0.5125 0.021875 0.059375
0 0.240625 0.515625 0.01875 0.059375
0 0.525 0.51875 0.021875 0.0578125
0 0.775 0.525 0.0234375 0.05625
0 0.0375 0.525 0.021875 0.06875
0 0.0515625 0.5296875 0.01875 0.0734375
0 0.584375 0.5328125 0.040625 0.075
0 0.4109375 0.5328125 0.0234375 0.065625
0 0.9875 0.534375 0.025 0.0890625
0 0.1875 0.534375 0.028125 0.0671875
0 0.13125 0.5375 0.028125 0.06875
0 0.453125 0.540625 0.03125 0.0625
0 0.0640625 0.540625 0.01875 0.06875
0 0.078125 0.5421875 0.025 0.0625
0 0.546875 0.54375 0.025 0.0796875
0 0.1296875 0.5484375 0.0375 0.071875
0 0.0265625 0.55 0.034375 0.075
0 0.1015625 0.5625 0.03125 0.0734375
0 0.51875 0.5625 0.01875 0.078125
0 0.853125 0.56875 0.0265625 0.071875
0 0.8921875 0.5796875 0.025 0.08125
0 0.73125 0.5875 0.028125 0.078125
0 0.703125 0.590625 0.0234375 0.08125
0 0.88125 0.6046875 0.025 0.0875
0 0.759375 0.60625 0.040625 0.0890625
0 0.8625 0.6078125 0.0234375 0.084375
0 0.08125 0.61875 0.034375 0.1
0 0.459375 0.61875 0.025 0.09375
0 0.490625 0.6203125 0.0296875 0.0796875
0 0.4203125 0.63125 0.03125 0.096875
0 0.6078125 0.640625 0.0546875 0.1046875
0 0.696875 0.675 0.0359375 0.1046875
0 0.7375 0.6765625 0.0359375 0.10625
0 0.040625 0.684375 0.0375 0.1
0 0.5921875 0.6859375 0.040625 0.09375
0 0.659375 0.690625 0.0390625 0.1046875
0 0.540625 0.6953125 0.040625 0.1125
0 0.425 0.696875 0.0296875 0.1234375
0 0.49375 0.7015625 0.034375 0.11875
0 0.784375 0.7046875 0.0375 0.115625
0 0.2578125 0.70625 0.0421875 0.1078125
0 0.928125 0.709375 0.0484375 0.11875
0 0.828125 0.709375 0.04375 0.1015625
0 0.209375 0.7296875 0.0390625 0.103125
0 0.8765625 0.7390625 0.040625 0.084375
0 0.621875 0.746875 0.046875 0.06875
0 0.58125 0.746875 0.0421875 0.0671875