0 0.1921875 0.41875 0.028125 0.08125
0 0.215625 0.425 0.0265625 0.084375
0 0.2390625 0.4453125 0.0453125 0.1234375
0 0.5109375 0.45625 0.01875 0.065625
0 0.534375 0.459375 0.0234375 0.075
0 0.6359375 0.4765625 0.05 0.1421875
0 0.5765625 0.4890625 0.059375 0.1765625
0 0.8609375 0.5 0.278125 0.5609375
0 0.0484375 0.5265625 0.08125 0.30625
0 0.009375 0.5328125 0.0171875 0.36875
0 0.45625 0.5484375 0.121875 0.365625
0 0.671875 0.5515625 0.1078125 0.3296875
0 0.3078125 0.5578125 0.1390625 0.3859375
0 0.1140625 0.571875 0.1578125 0.4171875