0 0.3046875 0.609375 0.0515625 0.065625
0 0.378125 0.6140625 0.0125 0.0484375
0 0.140625 0.61875 0.0203125 0.0546875
0 0.3875 0.6234375 0.0171875 0.046875
0 0.3515625 0.628125 0.03125 0.1
0 0.7484375 0.653125 0.06875 0.2578125
0 0.5421875 0.6578125 0.05625 0.21875
0 0.8484375 0.6609375 0.065625 0.2515625
0 0.696875 0.6671875 0.0640625 0.2390625
0 0.58125 0.66875 0.0703125 0.2328125
0 0.428125 0.6765625 0.1046875 0.2421875
0 0.9296875 0.6828125 0.1109375 0.3
0 0.6265625 0.6859375 0.05625 0.2328125
0 0.515625 0.7078125 0.0828125 0.190625