0 0.940625 0.5484375 0.03125 0.1234375
0 0.9796875 0.553125 0.040625 0.125
0 0.6265625 0.5703125 0.0390625 0.21875
0 0.8921875 0.571875 0.053125 0.1890625
0 0.0921875 0.575 0.1796875 0.328125
0 0.59375 0.5796875 0.053125 0.2484375
0 0.2515625 0.584375 0.140625 0.3359375
0 0.8140625 0.5859375 0.115625 0.28125
0 0.453125 0.5875 0.078125 0.2796875
0 0.7234375 0.5875 0.075 0.2828125
0 0.4 0.5890625 0.0546875 0.259375
0 0.34375 0.6015625 0.09375 0.3609375
0 0.5265625 0.6046875 0.1328125 0.3515625
0 0.665625 0.6125 0.0734375 0.3125