0 0.97109375 0.53359375 0.034375 0.1296875
0 0.99453125 0.53828125 0.0109375 0.1296875
0 0.63984375 0.56328125 0.0453125 0.228125
0 0.91953125 0.56015625 0.059375 0.1984375
0 0.08828125 0.578125 0.1765625 0.346875
0 0.6078125 0.575 0.0609375 0.2609375
0 0.2484375 0.584375 0.153125 0.35625
0 0.8390625 0.5765625 0.1265625 0.296875
0 0.459375 0.58515625 0.0875 0.29375
0 0.74375 0.58046875 0.0828125 0.2984375
0 0.403125 0.5875 0.0609375 0.2734375
0 0.3453125 0.60078125 0.1046875 0.3796875
0 0.5359375 0.60234375 0.1453125 0.371875
0 0.6828125 0.6078125 0.084375 0.3296875