0 0.7796875 0.3375 0.0609375 0.0765625
0 0.3953125 0.3890625 0.053125 0.1578125
0 0.315625 0.390625 0.046875 0.16875
0 0.4765625 0.396875 0.046875 0.1546875
0 0.290625 0.3984375 0.0328125 0.153125
0 0.1296875 0.4078125 0.0890625 0.29375
0 0.265625 0.41875 0.071875 0.2453125
0 0.075 0.4203125 0.0484375 0.23125
0 0.234375 0.4234375 0.078125 0.2359375
0 0.1765625 0.428125 0.059375 0.2265625
0 0.35 0.43125 0.0609375 0.1984375
0 0.0234375 0.446875 0.046875 0.3
0 0.9171875 0.4953125 0.0796875 0.359375
0 0.959375 0.50625 0.08125 0.446875