0 0.2421875 0.28671875 0.0796875 0.09375
0 0.6453125 0.41484375 0.0875 0.1796875
0 0.73125 0.43125 0.0828125 0.190625
0 0.5578125 0.40703125 0.078125 0.175
0 0.75703125 0.44375 0.0640625 0.1703125
0 0.925 0.48359375 0.15 0.3328125
0 0.7796875 0.4703125 0.1234375 0.2765625
0 0.96875 0.50625 0.0625 0.25625
0 0.8125 0.48203125 0.128125 0.26875
0 0.8734375 0.49765625 0.10625 0.2546875
0 0.68671875 0.46796875 0.1015625 0.2234375
0 0.0703125 0.42890625 0.140625 0.4015625
0 0.0515625 0.434375 0.103125 0.490625