0 0.7796875 0.4078125 0.0265625 0.0609375
0 0.65703125 0.40234375 0.0421875 0.115625
0 0.7515625 0.421875 0.0515625 0.11875
0 0.6859375 0.415625 0.078125 0.1953125
0 0.6171875 0.409375 0.075 0.1765625
0 0.58046875 0.403125 0.1015625 0.209375
0 0.8046875 0.44609375 0.0921875 0.153125
0 0.390625 0.37421875 0.1328125 0.3609375
0 0.71953125 0.43515625 0.0671875 0.153125
0 0.90859375 0.4734375 0.1828125 0.290625
0 0.09765625 0.3484375 0.1953125 0.425
0 0.9296875 0.49765625 0.140625 0.3078125
0 0.2703125 0.41484375 0.3109375 0.5078125