0 0.23046875 0.2828125 0.0765625 0.090625
0 0.62109375 0.40703125 0.084375 0.175
0 0.70390625 0.4234375 0.0796875 0.1859375
0 0.53671875 0.4015625 0.0765625 0.1703125
0 0.73046875 0.4359375 0.0625 0.165625
0 0.89609375 0.4765625 0.146875 0.321875
0 0.75234375 0.46171875 0.11875 0.26875
0 0.95078125 0.4984375 0.09375 0.25
0 0.784375 0.47265625 0.125 0.2609375
0 0.84296875 0.4890625 0.103125 0.2484375
0 0.6609375 0.45859375 0.1 0.2171875
0 0.9734375 0.5328125 0.053125 0.31875
0 0.06640625 0.421875 0.1328125 0.390625
0 0.04765625 0.42734375 0.0953125 0.4765625