0 0.0453125 0.51484375 0.04375 0.1296875
0 0.01640625 0.5171875 0.0328125 0.128125
0 0.365625 0.56484375 0.0578125 0.2265625
0 0.09453125 0.54296875 0.071875 0.196875
0 0.90078125 0.61796875 0.1984375 0.3484375
0 0.39765625 0.57890625 0.0765625 0.25625
0 0.74453125 0.6125 0.1734375 0.3546875
0 0.17265625 0.565625 0.14375 0.296875
0 0.53828125 0.59921875 0.1046875 0.290625
0 0.2640625 0.575 0.1015625 0.2953125
0 0.59453125 0.60546875 0.078125 0.26875
0 0.64921875 0.62109375 0.128125 0.3765625
0 0.4640625 0.609375 0.165625 0.3703125
0 0.31953125 0.6046875 0.103125 0.325