0 0.73671875 0.64765625 0.059375 0.0734375
0 0.65859375 0.6515625 0.015625 0.053125
0 0.9171875 0.66015625 0.0234375 0.0609375
0 0.646875 0.66171875 0.0203125 0.05
0 0.684375 0.6671875 0.0359375 0.109375
0 0.253125 0.68671875 0.0796875 0.2828125
0 0.4765625 0.696875 0.065625 0.240625
0 0.14375 0.6921875 0.0765625 0.271875
0 0.30859375 0.7015625 0.075 0.2578125
0 0.43359375 0.70546875 0.08125 0.253125
0 0.60078125 0.709375 0.1203125 0.25
0 0.05859375 0.6890625 0.1171875 0.275
0 0.38515625 0.71328125 0.065625 0.234375
0 0.50546875 0.7390625 0.09375 0.1875