0 0.0671875 0.7078125 0.109375 0.2265625
0 0.284375 0.65703125 0.11875 0.234375
0 0.18671875 0.6828125 0.1171875 0.2375
0 0.12578125 0.703125 0.1109375 0.21875
0 0.47265625 0.61796875 0.10625 0.2453125
0 0.6078125 0.5890625 0.1296875 0.246875
0 0.40625 0.640625 0.1171875 0.225
0 0.91796875 0.51640625 0.1 0.2140625
0 0.7140625 0.5703125 0.15 0.2796875
0 0.85546875 0.53671875 0.121875 0.240625
0 0.52109375 0.621875 0.1140625 0.240625
0 0.33046875 0.67265625 0.1109375 0.2109375
0 0.9328125 0.52265625 0.134375 0.2640625
0 0.784375 0.56796875 0.1015625 0.2203125
0 0.82109375 0.56171875 0.146875 0.2640625