0 0.69296875 0.61796875 0.0546875 0.0671875
0 0.61953125 0.61796875 0.0140625 0.0484375
0 0.8578125 0.63125 0.021875 0.05625
0 0.609375 0.62734375 0.01875 0.046875
0 0.6453125 0.63359375 0.034375 0.103125
0 0.24609375 0.64453125 0.0796875 0.2609375
0 0.45234375 0.6578125 0.0640625 0.221875
0 0.14453125 0.65 0.075 0.2546875
0 0.29765625 0.66171875 0.0734375 0.2421875
0 0.41328125 0.665625 0.0796875 0.2375
0 0.5671875 0.67890625 0.1140625 0.246875
0 0.0609375 0.6671875 0.121875 0.303125
0 0.3671875 0.68125 0.0640625 0.2359375
0 0.47734375 0.70703125 0.0890625 0.1953125