0 0.96796875 0.590625 0.0640625 0.20625
0 0.7515625 0.59375 0.0625 0.2125
0 0.846875 0.5953125 0.0609375 0.215625
0 0.9078125 0.6 0.0578125 0.2
0 0.5703125 0.6015625 0.046875 0.228125
0 0.4390625 0.60625 0.071875 0.2234375
0 0.6359375 0.6078125 0.0640625 0.203125
0 0.1375 0.609375 0.05 0.196875
0 0.3359375 0.6125 0.0828125 0.253125
0 0.2 0.6140625 0.0640625 0.21875
0 0.5265625 0.615625 0.05625 0.2203125
0 0.7125 0.61875 0.0609375 0.190625
0 0.109375 0.625 0.103125 0.2328125
0 0.271875 0.6265625 0.0484375 0.203125
0 0.2359375 0.6296875 0.084375 0.2375