0 0.98203125 0.590625 0.0359375 0.228125
0 0.7609375 0.59375 0.06875 0.2359375
0 0.8671875 0.5953125 0.0671875 0.2375
0 0.934375 0.6 0.0640625 0.2203125
0 0.559375 0.603125 0.0515625 0.2515625
0 0.415625 0.6078125 0.078125 0.246875
0 0.634375 0.609375 0.071875 0.225
0 0.08125 0.6109375 0.0546875 0.21875
0 0.3015625 0.615625 0.090625 0.2796875
0 0.15 0.6171875 0.0703125 0.2421875
0 0.5125 0.61875 0.0625 0.24375
0 0.71875 0.621875 0.0671875 0.2109375
0 0.0546875 0.628125 0.1078125 0.2578125
0 0.2296875 0.63125 0.053125 0.225
0 0.190625 0.634375 0.0921875 0.2625