0 0.76875 0.42734375 0.0296875 0.0609375
0 0.64765625 0.415625 0.0484375 0.1140625
0 0.73984375 0.43984375 0.0578125 0.1171875
0 0.6765625 0.43046875 0.0859375 0.1921875
0 0.609375 0.42109375 0.08125 0.1734375
0 0.5734375 0.4125 0.1078125 0.20625
0 0.79140625 0.46640625 0.096875 0.1515625
0 0.38828125 0.3734375 0.146875 0.35625
0 0.70859375 0.4515625 0.0734375 0.1515625
0 0.89296875 0.49921875 0.1953125 0.290625
0 0.1046875 0.328125 0.209375 0.43125
0 0.91796875 0.525 0.1640625 0.309375
0 0.26875 0.403125 0.328125 0.5171875