1 0.52109375 0.52578125 0.2375 0.128125
1 0.584375 0.68359375 0.290625 0.2109375
1 0.221875 0.54765625 0.44375 0.2578125
1 0.46796875 0.446875 0.1640625 0.1
1 0.8265625 0.7390625 0.275 0.190625
1 0.31171875 0.69296875 0.2328125 0.14375
1 0.10078125 0.6203125 0.2015625 0.175
1 0.26328125 0.45390625 0.1578125 0.128125
1 0.33984375 0.45703125 0.10625 0.1234375
1 0.65625 0.56953125 0.1359375 0.090625
1 0.7265625 0.56796875 0.109375 0.121875
1 0.91328125 0.5984375 0.1140625 0.1109375
1 0.1953125 0.3921875 0.1265625 0.1328125
1 0.33671875 0.37265625 0.0671875 0.084375
1 0.91640625 0.696875 0.1140625 0.1171875
1 0.7921875 0.61328125 0.153125 0.153125