1 0.5203125 0.4953125 0.2078125 0.06875
1 0.6109375 0.621875 0.2390625 0.1390625
1 0.25625 0.58125 0.3890625 0.146875
1 0.4546875 0.4375 0.140625 0.0609375
1 0.8625 0.6171875 0.275 0.1234375
1 0.371875 0.7140625 0.2 0.134375
1 0.125 0.6984375 0.25 0.15
1 0.275 0.4875 0.1265625 0.090625
1 0.34375 0.4734375 0.0765625 0.096875
1 0.65 0.503125 0.1140625 0.05625
1 0.7109375 0.4875 0.078125 0.096875
1 0.884375 0.471875 0.0875 0.084375
1 0.2015625 0.4484375 0.0953125 0.1015625
1 0.321875 0.4 0.0453125 0.06875
1 0.909375 0.5609375 0.0859375 0.0890625
1 0.7796875 0.5125 0.1171875 0.115625