1 0.665625 0.6890625 0.09375 0.05625
1 0.403125 0.6 0.090625 0.071875
1 0.4515625 0.5375 0.09375 0.078125
1 0.4765625 0.6375 0.065625 0.0703125
1 0.6359375 0.559375 0.0453125 0.090625
1 0.3390625 0.63125 0.046875 0.075
1 0.5609375 0.609375 0.0859375 0.0671875
1 0.66875 0.7515625 0.0515625 0.0296875
1 0.6921875 0.503125 0.0359375 0.0953125
1 0.7390625 0.5078125 0.0296875 0.08125
1 0.7328125 0.5890625 0.0421875 0.078125
1 0.6015625 0.4984375 0.0828125 0.0734375
1 0.4625 0.471875 0.09375 0.0328125
1 0.4375 0.7046875 0.0921875 0.0296875
1 0.3484375 0.684375 0.0484375 0.028125
1 0.3484375 0.434375 0.0671875 0.0765625
1 0.5453125 0.4453125 0.0546875 0.065625
1 0.4515625 0.4265625 0.0296875 0.059375
1 0.2921875 0.4375 0.0390625 0.05625
1 0.284375 0.4828125 0.0265625 0.0484375
1 0.596875 0.5640625 0.0515625 0.0390625
1 0.56875 0.7421875 0.0265625 0.0265625
1 0.4953125 0.7171875 0.0234375 0.0625
1 0.4890625 0.6625 0.1 0.0328125
1 0.56875 0.69375 0.0234375 0.04375
1 0.2796875 0.615625 0.0484375 0.0578125
1 0.359375 0.4921875 0.0328125 0.05625