1 0.23984375 0.64453125 0.1140625 0.084375
1 0.540625 0.62109375 0.1140625 0.1
1 0.50546875 0.54140625 0.1203125 0.10625
1 0.453125 0.64140625 0.0875 0.0921875
1 0.30546875 0.5171875 0.0703125 0.10625
1 0.59921875 0.66953125 0.0703125 0.090625
1 0.371875 0.5890625 0.109375 0.09375
1 0.22109375 0.7078125 0.0609375 0.0375
1 0.26171875 0.4421875 0.0625 0.109375
1 0.21015625 0.4359375 0.053125 0.0921875
1 0.19609375 0.52265625 0.0640625 0.0921875
1 0.35703125 0.4609375 0.1078125 0.1
1 0.5109375 0.4703125 0.1078125 0.059375
1 0.47578125 0.72109375 0.1046875 0.05625
1 0.575 0.7234375 0.0578125 0.040625
1 0.63984375 0.4609375 0.090625 0.1
1 0.4296875 0.42109375 0.0765625 0.084375
1 0.534375 0.4265625 0.046875 0.0703125
1 0.6984375 0.47890625 0.05625 0.06875
1 0.69609375 0.528125 0.0421875 0.059375
1 0.34609375 0.53046875 0.0640625 0.0546875
1 0.32734375 0.72734375 0.0359375 0.0359375
1 0.41171875 0.71953125 0.040625 0.0734375
1 0.43359375 0.6640625 0.1140625 0.0609375
1 0.34140625 0.6765625 0.0359375 0.0515625
1 0.665625 0.66875 0.065625 0.0734375
1 0.61328125 0.51875 0.05 0.0671875