1 0.6578125 0.68671875 0.10625 0.0671875
1 0.3671875 0.578125 0.1046875 0.084375
1 0.425 0.51015625 0.109375 0.0890625
1 0.4484375 0.6234375 0.078125 0.0828125
1 0.6296875 0.5421875 0.053125 0.1015625
1 0.29609375 0.61015625 0.05625 0.084375
1 0.54375 0.59375 0.1 0.078125
1 0.66015625 0.75703125 0.059375 0.034375
1 0.69453125 0.48046875 0.04375 0.1078125
1 0.74765625 0.48828125 0.0375 0.0921875
1 0.73671875 0.57890625 0.05 0.0890625
1 0.59453125 0.471875 0.096875 0.084375
1 0.43984375 0.43671875 0.10625 0.040625
1 0.40234375 0.6953125 0.1046875 0.0359375
1 0.303125 0.66953125 0.0546875 0.0328125
1 0.31328125 0.390625 0.078125 0.0890625
1 0.534375 0.41015625 0.065625 0.075
1 0.42890625 0.38671875 0.0359375 0.0671875
1 0.25078125 0.39296875 0.0453125 0.0640625
1 0.2390625 0.440625 0.03125 0.05625
1 0.5859375 0.5453125 0.059375 0.0453125
1 0.54765625 0.74375 0.03125 0.03125
1 0.465625 0.71328125 0.0296875 0.071875
1 0.46015625 0.6515625 0.1140625 0.040625
1 0.55 0.6890625 0.028125 0.05
1 0.2296875 0.590625 0.05625 0.065625
1 0.3234375 0.45625 0.0390625 0.0640625