1 0.4703125 0.4953125 0.23125 0.1109375
1 0.3984375 0.64296875 0.2765625 0.190625
1 0.76328125 0.5359375 0.434375 0.225
1 0.52890625 0.421875 0.159375 0.090625
1 0.153125 0.68359375 0.271875 0.1734375
1 0.665625 0.69140625 0.23125 0.1625
1 0.88828125 0.634375 0.2234375 0.19375
1 0.728125 0.4421875 0.1484375 0.11875
1 0.653125 0.43984375 0.0984375 0.1171875
1 0.33515625 0.52734375 0.13125 0.08125
1 0.2671875 0.521875 0.1015625 0.115625
1 0.0828125 0.53828125 0.1078125 0.1046875
1 0.79765625 0.3875 0.11875 0.125
1 0.66015625 0.3578125 0.0609375 0.08125
1 0.0734375 0.63515625 0.1078125 0.109375
1 0.2 0.5609375 0.1453125 0.14375